p td 180 360
15 8
18 1
23 8
23 3
25 21
32 20
32 15
35 15
35 34
36 1
38 13
38 7
38 6
39 31
40 37
42 12
43 28
44 36
46 9
46 33
47 26
49 28
50 4
51 32
51 38
53 28
53 27
54 52
55 20
55 18
57 45
57 22
58 4
59 4
59 34
60 34
61 58
62 58
63 5
63 24
64 40
64 50
65 40
65 18
67 28
67 55
67 31
68 4
69 42
70 69
70 25
70 38
72 6
74 25
74 23
75 37
75 33
76 22
76 49
76 2
76 12
76 18
76 42
76 32
77 11
77 67
78 73
78 13
78 6
79 10
79 19
79 60
80 31
80 55
81 18
82 48
82 23
82 49
83 50
83 74
83 31
83 64
83 23
85 69
85 40
87 53
87 12
87 77
88 13
88 34
89 41
90 78
91 54
92 22
92 59
92 51
94 50
94 65
94 88
95 84
96 73
97 86
97 35
98 43
98 50
99 29
99 31
99 22
99 8
100 67
100 42
100 68
100 43
101 97
101 88
101 25
102 35
102 88
102 36
103 47
103 25
104 80
104 81
104 50
104 98
105 33
105 86
106 15
106 11
107 72
107 15
108 84
108 32
110 83
110 90
110 35
111 48
111 57
111 79
111 65
112 47
112 20
113 78
114 92
114 42
114 7
115 111
115 5
115 26
115 15
115 106
116 29
117 83
117 43
117 14
117 90
118 8
118 48
119 102
119 99
120 74
120 64
120 4
121 108
121 28
122 53
122 88
122 23
122 84
123 93
123 87
124 14
124 91
124 2
124 106
125 92
125 66
125 114
126 18
126 60
126 102
126 115
127 95
127 31
127 91
128 56
128 34
128 23
128 62
128 48
128 100
129 64
129 16
129 44
130 117
130 128
131 130
131 111
131 103
132 127
132 3
132 9
132 84
132 19
133 88
133 54
134 114
135 7
135 60
136 14
136 28
137 3
138 2
138 63
138 74
139 63
139 29
139 5
140 102
140 92
140 3
140 135
141 84
141 55
142 117
142 80
142 15
143 73
144 4
144 18
144 76
144 63
144 113
144 74
145 16
145 97
145 101
146 117
146 39
147 8
147 38
147 71
147 76
147 141
148 25
148 61
148 113
149 83
149 18
149 77
149 24
149 127
150 83
150 65
150 17
151 118
151 34
152 106
152 85
153 85
153 8
153 30
153 78
154 99
154 78
154 6
154 98
155 37
155 104
155 40
155 86
156 126
156 99
156 68
156 37
156 111
157 71
158 54
158 41
158 114
158 83
159 143
159 72
159 83
159 19
159 74
159 37
159 29
160 138
160 132
160 131
161 21
161 136
161 147
161 68
162 97
162 82
162 145
162 114
162 36
163 77
163 152
163 80
163 130
163 1
164 122
164 46
164 98
165 42
166 31
166 123
166 60
166 105
167 106
167 142
167 51
167 58
168 32
168 129
168 114
169 99
169 35
169 139
171 150
171 146
171 62
171 74
171 37
171 115
172 46
172 55
173 90
174 16
174 169
174 91
175 111
175 153
176 16
176 147
176 113
176 59
176 98
177 135
177 4
178 75
178 103
178 156
178 147
178 137
178 6
179 5
179 86
179 22
179 85
179 46
179 93
179 168
179 53
180 66
180 138
