p td 190 380
6 4
7 3
14 11
17 5
19 6
22 13
27 8
30 18
30 6
30 28
32 25
34 31
36 18
37 15
40 14
40 27
41 11
41 24
42 40
44 27
44 15
45 16
45 37
48 26
49 16
49 30
49 40
50 5
51 17
51 33
52 8
54 30
55 51
56 4
57 23
58 4
58 54
63 16
63 51
64 62
65 50
65 39
66 42
67 39
67 59
67 37
68 24
68 4
68 66
69 14
70 25
71 21
71 53
71 10
72 58
73 26
73 57
74 9
74 31
75 74
75 61
75 29
75 1
76 63
76 66
76 22
76 43
77 71
77 73
77 18
79 20
79 2
79 75
79 71
79 56
80 32
80 31
80 33
81 28
82 6
82 79
83 17
83 2
84 82
84 51
84 11
84 47
85 53
85 19
85 56
87 31
88 21
88 83
88 55
89 10
89 84
90 52
90 22
90 88
91 24
91 80
91 15
92 25
92 29
93 61
93 20
94 4
94 90
94 77
94 46
95 10
95 20
95 12
97 34
97 20
98 45
98 94
98 5
98 46
98 7
99 45
99 34
99 9
101 24
101 34
102 51
103 90
103 73
105 39
105 65
106 22
106 45
106 15
106 54
107 91
108 99
108 56
109 38
109 1
109 87
110 30
110 78
110 70
111 64
111 11
111 98
112 92
112 5
112 101
112 30
112 43
112 80
113 88
113 104
113 76
113 45
114 1
114 99
115 93
115 62
116 91
116 115
117 104
117 85
117 81
117 73
117 99
118 82
118 76
118 99
118 47
119 67
119 25
121 80
121 29
121 75
121 25
121 63
121 32
123 23
123 14
123 87
124 20
124 6
124 17
125 65
125 115
126 51
126 30
126 56
127 57
128 43
129 63
129 86
130 17
130 5
130 11
130 72
131 4
131 78
132 81
132 111
132 98
132 59
132 112
133 28
133 33
133 77
133 76
133 27
133 118
135 95
135 51
136 14
136 94
139 132
139 76
141 133
141 24
142 75
142 68
142 137
142 26
143 21
143 11
143 98
145 20
145 27
145 17
145 64
145 21
145 70
145 127
145 36
146 4
146 17
146 33
147 16
147 95
147 34
147 18
148 139
148 94
149 11
149 40
149 53
149 44
150 111
150 143
151 5
151 141
151 26
152 56
153 55
154 153
154 93
155 124
155 26
155 17
156 42
156 54
157 133
157 60
157 156
158 13
158 109
158 5
158 45
159 45
159 20
159 59
159 48
159 100
160 92
161 47
161 29
161 45
161 6
161 123
162 55
162 26
162 23
162 22
163 117
163 5
163 107
164 77
165 59
166 21
166 145
166 163
166 33
166 1
166 105
167 158
167 107
167 125
169 161
169 152
169 27
169 106
169 28
170 109
170 113
170 78
170 60
171 98
171 31
171 64
171 125
171 67
171 157
172 132
172 19
173 49
173 125
173 133
173 94
173 147
173 158
174 64
174 15
175 99
175 23
175 110
175 30
176 13
176 61
176 66
176 56
177 81
177 1
178 60
179 136
179 46
179 76
179 140
179 153
179 107
179 105
180 133
180 165
181 119
181 35
181 88
181 104
182 30
182 44
182 75
182 35
183 166
184 139
184 124
184 173
184 64
185 149
185 171
185 89
185 115
186 33
186 2
186 171
186 184
186 77
186 135
187 140
187 108
187 186
187 176
188 139
188 116
189 177
189 119
189 91
189 144
189 142
189 100
190 80
190 51
190 81
