p td 200 400
8 4
19 17
21 8
24 12
25 13
26 5
27 23
30 18
30 16
31 29
31 13
31 19
32 23
32 12
33 6
33 16
35 21
37 19
37 16
37 8
37 34
38 18
39 6
41 1
44 26
47 18
47 12
50 15
50 2
51 31
51 44
52 34
53 48
53 30
53 14
54 34
55 5
56 48
56 21
57 24
59 23
59 56
62 5
63 25
65 3
67 49
67 41
68 29
70 60
70 1
71 16
71 28
72 70
72 37
72 13
74 32
74 28
77 8
77 13
77 35
77 40
77 14
78 47
78 39
79 31
79 49
79 56
79 17
80 67
80 28
81 29
82 60
83 64
84 54
85 80
85 21
85 39
85 69
85 82
86 3
86 18
87 47
88 77
89 31
89 64
89 38
89 69
89 43
89 9
90 77
90 43
91 50
91 61
91 75
93 74
94 68
95 70
95 66
95 73
95 47
96 78
96 14
96 79
96 69
97 1
97 86
97 88
98 19
98 45
98 66
98 8
98 21
98 55
99 72
100 14
100 72
100 55
101 24
101 5
101 3
101 1
102 98
102 100
102 74
103 32
104 55
104 56
104 43
104 99
104 35
105 16
107 6
108 103
108 48
111 28
112 91
112 71
112 22
112 1
112 8
113 109
113 21
113 41
114 23
115 33
115 65
115 23
115 31
116 71
116 100
116 22
116 108
117 100
117 16
118 15
118 23
118 77
119 57
119 102
119 117
120 38
120 36
120 108
120 17
120 30
120 100
120 33
121 111
121 96
121 19
121 28
122 6
122 99
123 50
123 110
123 92
124 79
124 75
126 37
126 54
126 49
127 20
127 29
128 58
128 127
128 20
128 98
129 59
130 35
130 71
130 63
130 16
131 13
132 109
132 74
133 55
133 60
133 82
133 41
134 41
134 72
134 74
134 69
134 23
135 15
135 105
135 18
135 115
136 78
136 28
137 103
137 36
138 88
138 75
138 29
138 71
138 35
138 116
139 105
140 33
140 79
140 40
141 101
141 46
141 70
141 139
142 46
142 17
143 43
143 98
144 70
144 15
145 96
145 8
146 55
146 27
147 96
147 74
148 140
149 27
149 105
150 113
150 78
150 143
151 99
151 144
152 65
152 89
152 139
152 87
152 111
153 115
153 69
153 127
153 75
154 58
154 74
155 87
156 68
157 57
157 70
157 8
157 112
157 119
158 96
158 66
158 100
158 133
159 146
159 74
159 51
159 15
159 18
159 40
159 157
160 139
160 9
160 108
161 156
161 106
161 33
162 143
162 92
162 135
162 44
163 71
163 78
164 119
164 150
165 45
165 108
166 152
167 21
168 106
168 24
169 149
169 33
169 16
170 73
170 142
170 48
171 3
171 146
171 121
172 63
172 167
172 8
172 60
173 158
173 50
173 66
173 131
174 60
175 153
175 19
177 165
178 97
178 127
178 103
178 24
178 128
178 93
178 170
179 149
179 154
179 131
180 21
180 94
180 74
181 27
182 176
182 89
182 23
182 151
182 165
182 158
182 120
183 40
183 53
183 173
183 86
183 150
183 176
184 57
184 83
184 70
185 150
185 37
185 177
186 152
186 167
186 156
186 104
186 33
186 45
187 107
187 78
187 141
187 179
188 69
189 49
189 175
190 93
190 17
190 76
190 11
190 61
190 112
191 180
191 95
192 178
192 166
192 154
193 185
193 56
193 105
193 6
193 99
194 193
194 85
194 81
194 13
195 22
196 120
196 34
196 97
196 93
197 48
198 134
198 93
198 92
198 90
198 59
198 46
199 36
199 68
199 47
199 60
199 189
199 196
