p td 210 420
11 6
25 20
26 7
27 17
30 14
30 10
31 17
31 14
36 6
38 8
38 10
43 9
44 29
45 17
46 23
46 6
47 11
47 25
47 4
49 7
49 10
49 35
50 40
50 36
51 25
52 20
52 17
52 49
53 33
54 43
55 22
55 38
56 55
57 44
58 15
59 29
61 27
61 12
65 11
66 36
66 54
67 53
68 46
69 50
71 28
71 13
72 30
74 19
75 43
75 62
75 53
76 62
76 50
78 62
78 46
79 66
80 72
80 75
81 22
81 46
83 6
85 44
85 3
87 19
88 32
88 45
88 31
89 76
89 25
90 20
90 5
90 21
91 75
91 70
91 1
91 53
92 70
92 31
92 72
92 82
93 53
93 13
94 27
95 64
95 69
97 71
98 81
100 36
101 13
101 12
101 74
101 48
102 35
103 64
103 52
104 80
104 11
104 103
104 8
104 98
105 20
105 54
105 9
107 53
107 45
108 42
109 96
109 86
109 8
110 74
111 20
112 52
112 5
112 11
115 67
116 42
116 7
117 27
117 42
117 57
118 6
118 46
119 27
119 49
119 57
121 82
121 102
121 50
122 43
122 88
123 18
123 46
124 120
124 60
125 73
126 26
126 96
126 2
126 119
126 87
126 64
126 38
127 116
129 111
129 118
129 13
129 84
129 17
130 74
130 10
130 13
131 111
131 71
131 128
132 99
132 6
132 1
132 53
133 42
134 79
134 31
135 26
135 84
136 44
136 57
138 117
138 35
138 49
139 62
139 127
139 93
139 65
139 39
139 52
140 84
140 7
140 106
140 82
141 30
141 136
141 35
141 88
142 94
142 50
143 41
143 42
143 89
143 126
143 87
145 41
145 78
145 79
145 31
145 138
146 70
146 46
146 123
147 1
147 56
147 8
147 26
147 54
147 93
148 107
148 145
148 125
148 92
149 8
149 6
149 11
149 28
150 7
150 19
150 62
150 14
151 68
151 114
151 45
152 77
152 36
153 40
153 33
153 139
154 40
154 31
155 33
155 40
155 141
155 76
155 135
155 148
156 17
156 28
156 92
157 106
157 63
157 51
158 63
159 45
159 114
159 18
160 123
160 24
160 124
161 4
161 106
161 20
162 126
163 7
163 33
164 33
164 92
165 66
165 19
166 135
166 3
166 2
166 145
166 15
166 147
166 157
167 7
167 31
167 102
167 155
167 132
167 80
168 75
168 17
168 56
169 129
169 59
169 48
169 127
169 143
169 78
170 75
171 9
171 106
171 56
171 12
172 105
172 27
172 56
172 50
173 90
174 55
175 12
175 171
175 128
175 61
175 152
176 43
176 57
176 31
177 167
178 16
178 75
179 162
179 38
179 94
179 17
180 57
180 148
180 79
180 143
180 176
181 170
181 44
182 150
182 2
182 56
182 131
182 149
183 3
183 148
184 135
184 95
184 167
185 97
185 142
185 148
185 94
185 108
186 8
186 72
186 95
186 43
187 24
187 35
187 19
187 159
188 37
188 99
188 117
188 28
189 83
189 104
189 179
189 1
189 56
189 98
189 20
190 24
190 68
190 45
190 58
190 184
191 183
191 88
192 176
192 138
192 100
192 31
193 74
194 131
194 146
194 68
194 147
194 2
195 3
195 60
195 78
196 76
196 149
197 124
197 110
198 44
198 91
199 128
199 156
200 149
200 44
200 106
201 51
201 167
201 23
201 147
201 109
202 90
202 152
202 139
203 172
203 153
203 30
203 35
203 187
203 176
203 124
203 189
204 148
204 191
204 100
204 144
205 189
205 48
205 65
205 39
205 56
207 57
207 29
207 107
207 162
207 73
207 49
208 130
208 109
208 84
208 144
208 134
209 26
209 142
209 22
209 17
209 27
210 40
210 4
210 151
210 158
210 76
