p td 240 480
17 16
29 11
29 14
36 24
38 13
39 17
41 12
41 25
43 3
48 29
50 13
52 29
53 25
56 1
56 27
58 43
58 18
62 52
62 1
63 54
63 51
64 4
65 16
67 10
67 27
68 36
68 19
69 27
69 22
70 51
71 25
73 54
73 56
74 15
74 3
75 29
76 47
77 1
77 25
78 71
79 69
80 8
80 32
80 58
82 11
85 21
86 7
86 12
87 73
87 55
88 74
88 51
88 44
89 88
89 20
89 46
89 33
89 68
90 63
91 54
91 2
92 55
92 90
92 73
93 77
93 20
93 10
94 62
95 66
96 68
96 19
97 84
99 51
99 53
99 56
99 86
100 41
101 52
101 44
103 50
105 95
106 102
106 25
107 102
107 7
108 98
108 63
109 108
109 7
110 52
110 58
110 95
111 13
111 50
111 102
112 59
112 29
114 83
114 66
114 9
114 35
114 113
114 97
115 114
116 64
116 59
119 118
120 12
120 41
120 59
120 29
121 28
121 96
122 83
122 24
122 26
123 74
123 56
125 1
126 32
126 39
127 74
127 95
127 59
127 3
127 39
128 15
128 40
128 101
128 110
128 78
128 94
129 89
129 16
130 67
131 70
131 90
132 15
132 88
132 114
132 120
133 82
133 123
134 43
136 105
136 14
136 128
136 37
137 46
137 34
138 46
138 123
138 43
139 44
139 122
140 14
141 123
141 88
142 63
142 61
143 103
143 23
144 123
144 4
144 63
145 109
145 45
145 52
146 124
146 66
146 83
146 114
146 11
147 60
147 122
148 87
148 98
148 54
148 38
148 56
150 134
150 123
151 139
151 57
152 3
152 9
153 41
153 98
154 30
154 42
154 146
154 83
155 114
155 64
156 24
157 66
158 155
158 104
158 23
158 72
159 73
159 103
159 25
160 131
160 83
161 44
161 53
161 124
162 91
162 85
163 102
164 53
164 63
165 71
165 17
165 150
166 163
166 91
166 155
166 61
166 152
166 140
167 147
167 154
168 98
168 129
168 140
168 75
168 63
169 97
169 165
169 166
169 29
170 37
171 102
171 80
171 131
171 21
172 134
172 87
172 96
172 131
173 117
173 64
173 14
173 31
173 110
174 43
174 19
174 42
175 43
175 112
176 164
176 3
177 162
177 120
178 27
178 106
179 42
180 170
180 136
180 57
180 47
180 10
180 167
180 113
180 106
181 167
181 132
182 82
183 120
183 138
183 177
184 165
184 40
184 15
185 148
186 4
186 43
186 79
186 85
187 171
187 173
187 30
187 136
188 142
188 79
188 62
188 61
189 157
190 64
190 122
191 66
191 172
191 98
191 155
191 179
192 159
192 107
192 169
192 20
192 12
192 97
193 180
193 97
193 138
194 192
195 193
195 95
196 104
196 60
196 115
197 40
197 4
197 86
197 47
197 117
198 122
199 57
199 69
199 198
199 91
200 126
200 33
200 4
201 46
201 77
201 168
202 23
202 198
203 114
203 101
203 65
204 85
204 51
204 36
204 56
205 167
205 94
205 122
205 170
205 14
206 163
206 167
206 88
207 15
207 121
207 205
207 31
207 123
207 59
208 106
209 48
209 176
210 91
210 196
210 1
210 172
210 205
210 161
211 128
211 154
212 208
212 37
212 95
213 46
213 88
213 136
214 210
214 35
214 164
214 37
214 128
214 189
215 154
215 68
216 95
217 1
217 185
218 209
218 181
218 166
219 147
219 144
219 124
220 145
220 28
220 127
220 52
220 113
220 118
220 3
220 77
221 123
222 65
222 69
222 215
223 31
224 8
224 37
224 205
224 196
224 221
224 158
224 217
224 48
225 22
225 19
225 101
226 218
226 28
226 224
226 60
226 96
227 61
227 171
227 63
227 134
227 108
228 22
228 128
228 4
228 85
229 171
229 117
229 37
229 141
229 167
229 161
230 26
230 70
230 159
231 125
231 183
231 62
232 52
232 158
232 175
232 92
232 134
232 147
233 87
233 175
233 132
233 176
234 141
234 56
234 96
234 53
235 163
236 31
236 148
236 37
236 123
237 116
237 178
237 216
237 120
237 46
237 10
238 6
238 197
238 131
238 164
238 34
239 7
239 173
239 95
239 230
239 220
239 92
239 104
239 221
239 169
239 89
240 34
240 61
240 182
240 84
240 124
