p td 250 500
30 9
31 26
34 8
35 21
36 8
39 14
39 20
40 35
41 6
42 23
45 33
46 8
46 42
49 20
49 48
49 6
50 18
54 26
54 24
57 38
57 48
58 24
58 21
59 18
63 48
64 48
66 54
70 35
71 53
74 49
75 5
75 11
76 74
76 47
77 47
77 61
77 18
77 7
78 36
79 40
80 39
81 56
82 57
82 11
82 33
83 71
83 66
83 21
83 76
84 29
85 36
86 52
87 60
87 8
87 6
89 42
89 86
90 74
91 78
91 6
91 9
92 20
92 79
94 40
94 46
96 93
98 46
98 69
98 58
98 60
98 51
99 61
100 22
100 26
100 20
101 20
101 39
102 22
102 5
103 15
103 58
104 25
107 75
108 42
109 27
110 8
110 7
111 26
111 77
112 30
112 20
113 22
113 99
113 14
114 31
114 18
115 87
115 88
116 101
118 10
118 91
118 39
118 95
119 12
119 20
119 114
120 119
121 47
122 116
122 41
122 72
123 116
123 57
124 38
125 86
125 4
126 65
127 78
127 124
128 60
128 71
128 28
129 121
130 116
130 42
131 5
131 70
131 127
131 43
132 51
132 122
132 76
133 68
133 37
133 91
133 86
134 78
134 49
134 119
135 55
135 84
135 27
136 42
136 125
136 135
137 84
137 88
137 39
137 64
138 4
139 118
139 100
139 103
139 134
140 94
141 38
141 22
142 28
142 47
143 103
143 116
143 93
144 66
145 105
145 98
145 124
145 128
146 31
146 90
147 134
147 130
147 52
148 115
148 34
150 67
150 36
150 115
151 101
152 130
153 68
154 85
154 136
154 47
155 29
156 104
156 32
156 101
157 103
157 43
157 122
158 85
158 70
159 53
160 42
160 107
161 95
161 29
161 114
162 76
162 135
163 32
163 106
163 140
164 26
165 82
165 22
165 48
166 135
166 114
166 131
167 45
167 21
168 158
168 121
168 99
169 118
169 157
169 114
169 158
169 21
170 57
171 72
171 4
171 53
171 131
172 32
172 83
173 112
174 20
174 172
174 63
174 156
174 9
175 97
175 89
176 109
176 52
177 155
177 135
178 161
178 53
178 145
178 132
179 156
179 13
180 86
180 120
181 75
182 92
183 50
183 149
183 171
183 29
184 100
184 53
184 6
184 68
184 115
185 2
186 72
186 129
187 147
187 20
187 132
188 62
188 151
188 8
188 143
189 97
189 24
189 160
190 129
190 175
191 84
191 48
192 35
192 90
192 111
192 175
193 23
193 52
193 136
194 37
194 128
194 173
194 72
194 117
194 143
195 126
195 106
195 148
195 109
195 163
196 100
196 23
196 71
196 186
197 91
197 105
197 90
198 147
198 159
199 126
200 1
200 139
200 95
200 86
200 85
200 18
201 166
201 95
202 50
202 201
203 163
204 189
204 40
205 149
205 44
206 101
206 191
206 97
207 119
207 160
207 19
207 126
207 14
208 171
208 149
208 103
208 185
208 198
209 32
209 134
209 161
210 28
210 136
211 198
211 28
211 90
211 38
211 141
211 193
212 86
212 115
212 36
213 183
213 40
213 139
213 119
214 136
214 23
214 50
215 198
215 183
215 26
215 39
215 168
215 49
215 86
215 34
215 213
216 137
216 123
217 111
217 6
217 175
218 161
218 83
218 190
219 121
219 164
219 208
219 53
220 216
220 204
220 53
220 161
221 16
221 37
221 47
221 165
222 168
222 70
222 148
222 59
223 22
223 154
223 86
223 34
223 111
223 131
224 58
224 155
224 126
225 224
225 164
225 86
226 92
226 46
226 43
226 192
227 193
227 72
228 86
228 133
228 81
228 22
229 6
229 167
229 141
229 27
229 169
229 186
229 80
230 171
230 210
230 104
230 25
230 175
231 18
231 157
231 223
231 125
232 111
232 155
232 92
232 185
232 61
233 203
233 154
233 37
233 32
233 162
234 190
234 25
234 36
234 172
234 198
234 133
235 125
235 233
235 220
235 62
236 30
237 125
237 102
237 169
237 230
238 19
238 43
238 11
239 237
239 190
239 140
239 236
239 220
239 209
240 58
240 164
241 84
241 165
241 233
241 23
241 102
242 162
242 204
243 47
243 48
244 216
244 6
244 124
244 215
244 93
245 190
245 187
245 192
245 147
246 68
246 147
246 18
246 102
246 77
246 103
246 129
247 39
247 12
247 82
247 69
248 198
248 88
248 233
249 160
249 248
249 247
250 86
250 101
250 68
250 124
250 109
250 187
