p td 90 180
11 4
14 2
14 10
14 9
15 12
18 3
19 3
22 19
22 1
23 8
26 22
26 24
27 4
27 2
27 8
28 9
29 22
30 19
32 17
32 24
33 29
34 13
37 5
37 27
37 1
37 30
38 9
39 28
40 10
40 25
40 26
41 35
42 17
43 7
43 18
43 35
44 37
44 1
45 41
45 11
46 23
46 6
47 46
47 24
48 29
48 11
48 32
49 33
49 1
49 41
50 48
50 35
50 38
51 25
51 38
51 15
51 13
52 25
53 42
54 8
55 49
55 44
55 42
55 46
56 40
56 31
56 36
56 47
56 34
57 47
57 7
57 16
58 44
59 48
59 40
60 47
61 19
62 27
62 47
62 50
62 2
63 31
64 50
64 24
64 35
65 28
65 4
65 49
66 52
66 53
66 22
66 61
67 34
67 64
67 49
68 34
68 22
69 3
69 30
69 19
70 34
70 6
70 48
70 27
71 14
71 3
71 36
71 10
71 23
72 13
72 1
72 8
72 63
73 27
73 42
74 19
74 64
74 54
74 23
74 62
75 57
75 36
75 16
75 11
76 51
76 44
76 69
76 26
77 60
77 34
77 50
77 13
77 38
77 55
78 2
79 24
79 55
79 74
80 36
80 42
80 1
80 44
81 64
81 26
82 16
82 36
82 22
82 79
83 33
83 49
83 77
83 70
83 48
83 32
84 40
84 12
84 48
85 72
85 56
85 8
85 63
86 12
86 80
86 65
87 10
87 1
87 31
87 38
87 76
87 48
87 82
87 81
88 65
89 16
89 48
90 64
90 77
90 40
90 27
90 8
