p td 290 580
14 5
16 14
22 5
26 2
26 23
31 17
32 13
33 23
36 2
37 34
38 29
38 27
40 10
43 14
43 25
47 17
48 45
54 42
55 20
56 43
57 31
60 2
61 21
64 42
67 47
67 51
67 3
68 19
68 14
70 62
73 32
73 43
75 41
75 38
76 63
77 76
77 26
78 72
78 15
78 14
79 19
82 36
83 4
83 47
85 23
85 50
85 76
86 53
86 60
87 13
87 8
87 1
88 29
89 72
89 34
89 50
89 64
90 14
91 15
91 86
91 39
92 64
92 26
94 78
95 51
96 52
98 21
100 13
101 72
103 63
105 77
105 88
105 89
105 67
105 30
107 98
107 79
107 54
108 14
109 2
109 27
110 83
110 1
110 29
111 86
111 88
113 92
114 52
115 38
116 28
116 77
116 61
117 56
117 92
119 36
120 57
121 20
121 34
121 68
122 38
125 46
125 86
125 118
125 24
125 76
128 77
129 128
129 14
129 96
130 34
130 75
131 79
131 24
133 82
133 116
133 49
133 72
135 95
135 51
135 99
136 51
137 114
137 22
137 27
138 134
138 120
138 16
138 6
139 15
140 35
140 4
141 115
141 79
141 109
141 130
142 112
143 60
143 39
144 138
145 58
145 102
145 24
145 122
146 35
146 27
147 82
147 79
147 144
147 63
148 105
148 145
149 28
149 122
151 42
151 120
151 131
151 45
152 80
153 19
154 33
154 40
155 76
155 46
155 40
155 90
156 14
156 60
157 44
157 87
157 72
158 41
158 144
158 152
159 60
159 138
159 91
160 144
160 71
161 11
161 17
161 124
162 86
162 139
163 78
163 15
163 159
163 127
164 76
164 19
164 127
165 83
165 118
165 63
166 50
167 110
167 119
167 153
167 10
167 130
167 104
167 139
167 42
168 120
169 78
170 21
171 88
172 42
172 2
172 132
174 153
174 36
175 85
175 119
176 133
178 120
179 111
179 119
180 111
180 44
181 119
182 133
183 41
183 157
183 143
183 155
183 172
184 91
184 174
184 5
184 89
184 6
185 131
185 110
186 86
188 149
190 86
190 107
190 142
191 117
191 32
192 158
192 85
192 128
193 86
193 54
194 175
195 19
195 39
196 44
196 192
196 179
197 180
197 63
198 17
199 46
199 33
200 195
201 16
201 169
201 52
201 61
201 38
202 61
202 100
202 32
202 159
203 6
203 123
203 15
204 178
205 88
206 143
206 77
206 23
207 59
207 33
207 69
207 164
208 76
208 131
208 32
208 146
208 109
208 189
209 173
209 71
210 193
210 6
210 190
211 68
211 81
211 187
211 191
211 4
211 193
212 113
212 6
212 2
213 203
213 24
213 146
213 16
213 142
213 96
213 83
214 95
214 183
215 37
215 90
216 177
217 176
217 75
218 183
218 179
219 194
219 72
220 11
220 144
220 2
221 72
221 146
221 48
221 50
221 140
221 132
222 1
222 13
222 64
223 13
223 84
224 165
224 155
224 95
224 173
224 117
224 41
225 157
225 96
225 130
225 208
226 83
227 174
228 68
228 191
228 9
228 63
228 37
228 11
229 118
229 157
229 96
229 184
230 144
231 45
231 102
232 144
232 166
233 36
233 5
234 140
234 71
235 74
235 149
236 145
236 117
236 87
236 107
237 179
237 160
237 184
238 16
238 94
238 211
238 25
238 176
239 175
239 129
239 108
240 108
240 75
240 23
241 230
241 111
241 150
241 3
241 140
243 126
243 96
243 37
244 66
245 178
245 136
245 123
245 31
245 180
245 119
246 147
246 216
246 45
246 170
246 115
247 153
247 68
247 148
247 215
248 53
248 83
248 244
249 153
249 148
249 118
250 213
251 159
251 16
252 209
252 119
252 164
252 104
253 128
253 113
253 60
253 143
253 43
253 96
253 187
254 170
255 18
256 190
256 199
256 235
257 179
257 218
257 203
257 212
257 197
258 165
258 69
259 162
259 40
259 95
259 174
260 114
260 200
260 12
260 255
261 196
261 126
261 204
261 186
261 160
261 134
261 213
262 69
263 175
263 150
263 60
264 14
264 6
265 172
265 60
265 22
265 50
265 18
265 5
266 105
266 264
266 208
267 263
268 52
268 126
268 197
268 223
268 228
268 218
269 117
269 167
269 15
269 106
269 105
269 151
269 99
269 103
270 265
270 53
270 28
271 260
271 193
271 146
271 116
271 12
272 58
272 250
272 172
273 10
273 8
273 214
273 3
274 1
275 243
275 94
275 262
275 216
275 240
275 231
275 218
276 230
276 233
276 27
276 167
277 211
277 256
277 229
277 112
277 151
277 32
277 221
278 7
278 209
278 6
278 233
278 234
279 240
279 115
279 172
280 220
280 8
280 63
281 121
281 184
281 171
281 21
282 87
282 187
282 142
282 172
282 185
282 171
282 164
282 76
283 54
283 182
284 42
284 194
284 139
284 175
284 167
284 76
285 224
285 60
285 169
285 87
285 2
286 77
286 193
286 211
287 197
287 8
287 148
287 14
287 172
287 146
287 247
288 104
288 134
288 218
288 7
288 135
288 32
288 115
289 198
289 139
289 152
290 3
290 40
290 82
290 210
290 244
290 218
290 180
290 109
