p td 300 600
10 6
11 2
14 3
19 14
23 7
25 6
32 30
34 1
39 18
40 18
46 12
48 1
49 2
50 32
51 17
52 41
54 12
55 14
56 47
59 10
60 29
61 38
62 30
63 42
64 9
65 61
66 53
67 39
67 23
72 9
74 15
74 48
74 37
75 58
75 49
75 7
75 61
76 7
77 19
78 32
79 44
79 31
80 34
80 37
80 50
80 40
81 29
82 23
82 73
84 65
84 2
85 64
85 59
85 6
86 13
87 11
88 19
89 78
92 7
92 61
96 45
97 20
97 65
98 25
99 11
100 42
100 45
100 96
100 14
100 17
102 41
102 6
103 38
103 15
103 40
104 46
105 8
106 83
106 41
107 27
107 12
107 83
108 15
109 104
111 97
111 4
111 29
111 28
112 61
112 65
113 24
115 35
115 98
116 105
116 49
116 114
117 67
118 95
119 107
120 11
121 49
121 55
121 69
121 8
122 12
123 76
123 99
124 6
124 108
125 103
125 115
125 23
126 108
129 1
130 40
132 41
133 40
134 10
134 71
135 91
135 4
137 21
138 56
139 68
139 132
140 6
140 138
141 3
142 121
142 13
142 88
143 136
144 7
144 52
144 58
144 6
145 7
145 20
146 45
147 24
147 131
148 37
148 30
149 136
149 15
150 90
151 37
152 129
152 118
152 105
153 65
153 125
154 89
155 128
155 34
155 58
155 119
155 68
155 120
156 48
158 153
159 58
159 102
159 91
159 39
159 14
161 122
161 133
161 27
161 92
161 69
162 146
162 150
162 4
162 97
163 14
163 105
164 36
164 92
164 105
164 143
165 152
165 155
165 132
167 54
167 65
168 29
168 164
168 165
169 17
169 164
170 154
170 147
170 78
172 29
172 65
172 143
172 104
173 156
174 112
174 12
176 12
176 82
178 152
179 72
180 66
181 10
181 178
181 95
181 26
181 83
182 67
182 65
182 1
182 105
183 148
183 36
183 105
183 34
184 142
184 40
185 1
185 18
187 126
187 168
188 139
189 92
189 185
191 149
191 18
192 23
192 145
192 54
192 129
193 93
193 162
193 175
194 152
194 92
194 19
195 28
195 176
195 73
195 173
195 69
196 59
196 188
196 109
196 192
197 9
197 187
198 178
198 71
200 133
200 93
200 176
201 11
201 182
201 178
202 138
202 64
203 138
203 60
203 195
203 78
203 170
204 124
205 202
205 185
206 41
206 73
207 186
208 198
208 8
208 12
209 132
210 6
211 19
211 166
211 160
211 126
211 98
212 209
212 51
212 59
212 128
212 177
212 162
213 119
214 41
214 169
215 166
215 170
215 53
216 212
216 66
216 34
217 112
217 95
217 199
218 184
218 98
218 65
219 2
219 141
220 99
220 182
221 13
221 92
222 150
222 24
222 166
222 191
223 97
223 11
223 55
224 171
224 162
224 192
225 191
225 69
225 94
225 109
225 89
225 154
225 116
226 95
227 87
227 219
228 26
228 226
228 185
229 207
229 218
229 182
229 200
229 5
229 82
229 177
229 138
230 75
230 119
230 170
231 38
231 164
231 113
232 41
232 51
232 153
232 222
232 198
233 109
233 177
233 126
234 149
234 22
234 111
235 5
235 87
235 34
235 17
235 66
237 130
237 54
237 38
237 111
237 85
237 125
237 151
238 50
238 15
238 67
238 221
239 138
239 88
240 191
240 235
240 82
240 4
240 190
240 73
240 227
240 228
241 94
241 131
242 102
242 225
242 96
242 94
243 236
243 116
243 61
243 117
243 84
243 32
243 27
243 105
243 176
244 155
244 102
244 179
244 224
244 133
244 190
244 44
245 4
245 95
246 53
246 118
246 78
247 98
248 221
249 224
249 246
249 80
249 160
250 34
251 178
251 50
251 244
253 241
253 96
254 202
255 40
255 163
255 83
255 182
256 40
256 254
256 219
257 49
257 73
257 116
257 61
258 146
258 250
258 241
259 125
259 113
259 226
259 187
259 213
260 65
260 220
260 119
260 82
261 23
261 45
261 183
261 27
262 201
262 169
262 13
262 225
262 248
262 24
262 180
263 167
263 256
264 164
264 202
264 217
265 81
266 64
266 126
266 152
266 153
266 8
266 141
266 193
267 130
267 133
267 119
267 77
268 204
268 54
268 192
268 101
268 214
268 226
268 141
269 139
269 39
270 11
270 71
270 142
270 64
270 105
270 183
270 14
270 13
271 270
271 228
271 269
272 67
272 270
273 117
273 166
273 86
273 17
273 80
274 258
274 96
274 171
274 159
274 58
274 201
274 164
274 36
274 144
274 131
275 150
275 22
275 21
275 186
276 99
276 114
276 247
277 192
277 102
277 167
278 94
278 145
278 57
278 179
278 36
279 25
279 120
279 52
279 36
279 14
280 252
280 63
281 186
281 47
281 154
281 193
282 211
282 75
282 97
282 47
282 117
282 260
282 92
283 139
283 60
284 164
284 244
285 23
285 27
286 93
287 200
287 222
287 165
287 51
287 101
288 164
288 65
289 112
289 28
290 60
290 281
290 50
290 184
290 118
291 177
291 168
291 241
292 194
292 67
292 212
293 265
293 212
293 72
293 139
295 43
295 69
295 60
295 124
295 223
296 215
296 263
296 288
296 28
296 180
296 140
297 59
297 1
298 264
298 225
299 294
299 37
299 24
300 31
300 80
300 267
300 68
300 159
300 230
300 282
