p td 110 220
9 3
14 3
16 13
17 3
18 3
19 14
21 13
23 9
23 15
30 11
33 29
33 3
36 28
37 18
38 11
38 7
39 13
40 31
42 36
42 16
42 25
43 8
43 13
43 36
43 4
45 15
46 4
47 15
47 32
47 20
47 8
47 26
48 28
48 25
48 38
49 18
49 9
50 40
50 37
50 38
50 17
51 35
52 39
53 17
53 52
53 48
54 11
54 7
54 28
55 25
55 8
55 22
55 10
56 7
56 48
57 6
58 8
59 16
59 23
60 33
60 35
61 50
61 54
62 10
62 55
63 11
63 44
64 34
64 6
65 37
65 42
65 4
65 19
65 51
65 25
65 12
67 57
67 52
68 48
68 11
69 66
69 7
70 25
70 34
71 23
71 2
71 65
72 27
72 34
72 17
72 63
73 21
73 71
73 59
74 33
74 29
74 53
75 28
75 48
76 46
76 38
76 36
77 9
78 76
78 25
79 2
79 46
79 42
79 53
79 10
80 77
80 75
80 8
80 44
81 11
81 75
82 61
82 74
83 37
83 41
83 56
83 23
84 30
84 56
84 46
84 72
84 27
85 57
85 34
85 71
86 22
86 67
86 28
87 67
87 25
87 1
87 47
87 65
87 6
88 75
88 40
90 83
91 2
91 58
91 56
92 83
92 18
92 55
92 39
93 9
93 67
94 33
94 43
94 39
95 87
95 27
95 29
96 28
96 9
96 83
96 70
96 44
96 46
97 55
97 26
97 48
97 61
97 66
98 68
98 97
98 32
98 33
98 78
98 54
98 95
99 72
99 75
100 66
100 39
100 91
100 65
100 97
101 94
101 17
101 82
102 40
102 19
102 11
102 4
102 55
102 57
103 78
103 70
103 12
103 10
104 81
104 20
104 87
104 23
104 86
105 75
105 36
106 66
106 98
106 23
106 24
106 70
107 3
107 14
108 93
108 48
108 96
108 104
109 63
109 17
110 72
110 31
110 107
110 27
110 48
