p td 120 240
7 3
10 5
11 5
14 8
17 7
20 17
20 6
20 14
25 6
26 12
28 20
28 2
28 11
29 26
30 27
31 28
33 13
34 5
34 10
36 10
36 30
36 34
37 22
39 9
40 20
40 35
40 13
42 19
45 28
45 13
45 10
45 18
46 15
46 14
46 12
47 25
47 19
49 2
49 46
49 37
49 29
50 32
50 1
51 9
51 32
52 34
52 50
54 22
54 16
54 53
55 12
55 47
57 43
58 19
58 18
59 31
59 42
60 2
60 36
60 13
60 31
60 3
61 31
61 7
62 39
62 15
63 45
63 3
63 28
64 15
65 58
65 35
65 12
65 30
65 62
66 36
66 42
66 50
66 18
67 51
67 7
67 11
67 21
67 23
70 59
71 5
72 17
73 44
74 2
74 10
75 46
76 61
77 57
77 30
77 63
78 6
79 29
79 31
79 77
79 49
80 25
81 20
81 73
82 27
82 75
82 3
83 52
83 45
83 34
83 36
84 6
84 65
84 43
85 81
85 22
85 80
85 72
85 27
85 34
86 67
86 72
86 58
87 9
87 72
87 85
87 59
87 70
88 50
89 58
89 16
89 46
90 61
90 28
91 58
91 74
92 74
93 44
93 42
94 64
94 45
94 14
95 14
95 54
96 35
96 12
96 82
96 78
97 20
98 31
98 13
98 56
98 73
98 72
99 73
99 86
100 30
100 29
100 91
101 51
101 35
101 39
101 45
101 67
102 63
102 72
102 36
102 41
102 67
102 16
103 74
103 85
103 20
103 2
104 77
104 32
104 50
104 24
104 93
104 75
105 38
105 50
105 86
106 1
106 73
106 88
106 56
106 57
107 65
107 89
107 45
107 72
108 25
108 102
108 37
108 11
108 65
108 52
109 45
109 91
109 53
109 88
110 4
110 46
111 30
111 62
111 32
112 35
112 5
112 76
112 37
113 103
113 35
114 29
114 36
114 101
114 110
114 19
115 106
115 70
115 100
115 111
116 16
116 21
116 74
116 66
117 21
118 68
118 62
118 25
119 33
119 116
119 18
119 41
119 28
119 95
119 47
120 63
120 103
120 52
120 26
