p td 50 450
3 1
4 3
4 1
5 2
5 1
6 2
7 5
7 1
8 2
9 4
9 2
10 2
10 6
10 8
10 4
11 10
11 3
11 9
11 8
12 3
12 2
13 12
13 2
13 11
13 5
14 8
14 9
14 3
15 7
15 6
15 12
15 2
15 3
15 5
16 10
16 13
16 15
16 8
16 11
17 4
17 14
17 3
17 8
17 10
18 13
18 4
18 9
18 6
18 7
18 1
18 11
18 10
19 16
19 7
19 5
19 9
19 15
19 17
19 11
20 16
20 15
20 2
20 5
20 11
20 1
21 17
21 2
21 12
21 19
21 4
21 1
21 20
22 17
22 6
22 10
22 21
23 14
23 4
23 16
23 3
23 18
23 20
23 10
23 5
23 6
24 17
24 7
24 10
24 18
24 4
24 11
24 15
24 2
24 1
24 13
25 7
25 22
25 15
25 10
25 23
25 18
25 5
25 2
25 11
25 21
26 18
26 14
26 4
26 1
26 8
26 22
26 15
27 10
27 23
27 17
27 11
27 19
27 12
27 13
27 26
27 2
28 9
28 1
28 25
28 6
28 3
28 16
28 17
28 13
28 26
28 14
28 4
28 21
29 24
29 3
29 22
29 27
29 17
29 11
29 14
29 1
29 13
29 19
30 10
30 19
30 17
30 7
30 25
30 16
30 13
30 15
30 9
30 26
31 27
31 2
31 16
31 19
31 6
31 28
31 23
31 4
31 9
31 5
31 1
31 25
31 13
32 12
32 21
32 14
32 15
32 3
32 9
32 10
32 11
32 30
32 25
32 19
32 6
32 31
32 2
32 13
33 23
33 5
33 17
33 15
33 26
33 2
33 28
33 29
33 22
33 27
33 14
33 25
33 10
33 3
33 32
33 8
34 22
34 23
34 21
34 7
34 14
34 30
34 4
34 26
34 13
34 12
34 31
34 20
34 19
34 32
34 3
35 29
35 32
35 19
35 6
35 2
35 28
35 27
35 22
35 8
35 17
35 4
36 14
36 17
36 26
36 18
36 34
36 5
36 28
36 31
36 2
36 29
36 27
36 11
36 12
36 25
36 33
37 2
37 1
37 6
37 32
37 24
37 11
37 27
37 17
37 14
37 18
37 33
38 6
38 21
38 25
38 5
38 20
38 7
38 36
38 10
38 16
38 15
39 10
39 20
39 14
39 16
39 19
39 17
39 18
39 15
39 5
39 37
39 23
39 9
40 16
40 3
40 17
40 39
40 26
40 33
40 21
40 18
40 14
40 19
40 9
40 38
40 8
40 37
41 19
41 32
41 16
41 6
41 38
41 14
41 40
41 29
41 34
41 21
41 8
41 15
41 31
41 2
41 20
41 18
41 13
41 26
42 27
42 4
42 30
42 1
42 40
42 37
42 8
42 13
42 21
42 7
42 15
42 19
42 2
43 12
43 28
43 6
43 39
43 4
43 30
43 13
43 42
43 3
43 31
43 5
43 15
43 8
43 37
44 3
44 41
44 40
44 8
44 21
44 43
44 13
44 42
44 29
44 39
44 10
44 7
44 33
44 24
44 22
44 18
45 23
45 44
45 3
45 10
45 39
45 26
45 1
45 12
45 25
45 37
45 8
45 5
45 34
45 43
45 31
45 2
45 42
45 9
46 38
46 4
46 20
46 25
46 39
46 26
46 13
46 42
46 19
46 32
46 22
46 7
46 17
46 21
46 18
47 18
47 8
47 9
47 32
47 35
47 6
47 21
47 43
47 30
47 1
47 27
47 11
47 40
47 42
47 25
47 22
47 4
47 33
48 25
48 1
48 12
48 7
48 29
48 16
48 6
48 24
48 8
48 34
48 47
48 27
48 11
48 40
48 4
48 43
48 2
48 44
49 20
49 4
49 21
49 44
49 19
49 29
49 23
49 25
49 38
49 34
49 8
49 3
49 32
49 6
49 41
49 26
49 47
49 18
49 31
50 36
50 33
50 21
50 41
50 2
50 14
50 30
50 17
50 46
50 22
50 42
50 3
50 25
50 26
50 24
50 19
