p td 50 500
3 1
4 2
4 1
4 3
5 2
5 1
5 4
6 3
6 5
7 1
8 5
8 1
8 7
9 1
9 7
9 2
9 3
10 5
10 6
11 6
11 4
11 3
11 5
11 7
11 2
11 10
12 2
12 1
12 10
12 6
12 3
12 9
12 8
13 3
13 5
13 4
13 11
14 12
14 4
14 8
15 12
15 2
15 13
15 11
15 6
15 10
15 5
16 12
16 8
16 7
16 10
16 3
17 14
17 16
17 2
17 8
17 9
17 7
17 3
18 11
18 8
18 5
18 16
18 7
19 10
19 2
19 9
19 5
19 3
19 6
20 4
20 12
20 8
20 16
20 19
20 10
20 7
20 14
21 9
21 15
21 11
21 2
21 16
21 8
21 3
21 13
21 19
21 6
21 17
21 10
22 4
22 18
22 21
22 14
22 5
22 7
22 10
23 5
23 9
23 19
23 16
23 10
23 17
23 15
23 1
23 20
23 13
24 4
24 19
24 22
24 8
24 15
24 21
24 6
24 7
25 1
25 16
25 19
25 5
25 18
25 2
25 6
25 21
25 13
25 14
25 17
26 14
26 6
26 4
26 15
26 21
26 24
26 7
26 9
26 22
26 1
26 13
26 3
26 2
27 18
27 3
27 22
27 21
27 14
27 7
27 16
27 4
27 19
27 11
27 20
28 23
28 11
28 10
28 27
28 25
28 19
28 24
28 7
28 9
28 12
28 18
28 5
28 1
28 16
28 6
29 24
29 20
29 10
29 12
29 2
29 28
29 13
29 19
29 9
29 21
29 8
30 9
30 14
30 25
30 27
30 26
30 13
30 18
30 23
30 4
30 7
30 20
31 9
31 29
31 22
31 11
31 24
31 13
31 20
31 7
31 12
31 14
31 10
32 12
32 16
32 30
32 9
32 29
32 20
32 6
32 21
32 8
32 19
32 2
32 15
32 18
32 5
32 26
32 23
32 17
33 18
33 6
33 13
33 14
33 1
33 12
33 28
33 31
33 4
33 3
33 29
34 22
34 26
34 8
34 31
34 24
34 27
34 11
34 28
34 6
34 3
34 18
34 13
35 30
35 8
35 18
35 25
35 27
35 19
35 24
35 17
35 14
35 21
35 28
35 3
35 10
36 18
36 27
36 25
36 35
36 24
36 4
36 16
36 28
36 2
36 12
36 10
36 26
36 13
36 7
36 20
37 26
37 4
37 31
37 15
37 20
37 30
37 18
37 11
37 13
37 9
37 12
37 7
37 36
38 15
38 13
38 25
38 33
38 4
38 26
38 35
38 22
38 28
38 7
38 36
38 34
38 32
38 3
38 16
38 12
38 37
38 18
39 2
39 31
39 36
39 9
39 11
39 37
39 23
39 13
39 5
39 22
39 35
39 17
39 32
39 3
39 15
40 11
40 22
40 28
40 26
40 35
40 16
40 1
40 7
40 20
40 34
40 8
40 37
40 24
40 21
40 2
40 4
40 10
40 3
40 32
41 4
41 22
41 3
41 17
41 36
41 34
41 25
41 38
41 9
41 2
41 31
41 30
41 23
41 40
41 37
41 24
41 10
41 39
42 38
42 17
42 13
42 26
42 19
42 3
42 32
42 37
42 24
42 31
42 12
42 41
42 23
42 21
43 30
43 39
43 13
43 1
43 15
43 10
43 35
43 20
43 7
43 31
43 42
43 29
43 6
44 39
44 11
44 29
44 38
44 3
44 32
44 37
44 17
44 35
44 6
44 31
44 23
44 13
44 21
44 34
44 30
44 1
44 12
44 28
45 21
45 33
45 4
45 23
45 20
45 11
45 24
45 44
45 9
45 39
45 30
45 17
45 12
45 41
45 28
46 15
46 17
46 37
46 6
46 38
46 42
46 13
46 39
46 11
46 40
46 27
46 14
46 32
46 7
46 20
46 16
46 18
46 5
46 34
47 37
47 13
47 24
47 6
47 22
47 12
47 38
47 18
47 44
47 28
47 2
47 39
47 10
47 40
47 19
47 20
48 41
48 30
48 15
48 23
48 35
48 33
48 10
48 36
48 20
48 47
48 34
48 21
48 11
48 13
48 9
48 38
49 1
49 14
49 24
49 5
49 41
49 26
49 7
49 36
49 23
49 47
49 6
49 45
49 38
49 9
49 19
49 48
49 27
49 21
49 2
49 31
50 27
50 39
50 20
50 49
50 26
50 28
50 17
50 42
50 29
50 32
50 3
50 19
50 48
50 12
50 8
50 5
50 34
50 40
50 11
