p td 50 550
3 1
3 2
5 3
6 5
6 1
6 4
6 3
6 2
7 3
8 4
8 2
8 7
9 3
9 6
9 4
10 2
10 6
10 7
11 9
11 10
11 1
11 6
12 9
12 6
12 11
13 3
13 9
13 6
13 4
13 1
13 11
13 8
13 2
13 5
14 9
14 10
14 12
14 3
15 11
15 6
15 2
15 13
15 7
15 9
15 12
15 8
16 5
16 11
16 1
16 4
16 10
16 9
17 13
17 1
17 6
17 10
17 11
17 2
17 7
17 9
17 14
18 14
18 1
18 2
18 4
18 17
18 9
19 17
19 13
19 7
19 5
19 12
20 2
20 15
20 8
20 14
20 1
20 19
21 11
21 19
21 7
21 20
21 10
21 5
21 16
21 12
22 4
22 18
22 13
22 15
22 2
22 12
22 10
23 20
23 14
23 12
23 7
23 2
23 1
23 11
23 21
23 17
23 19
23 6
23 3
23 9
23 22
23 4
24 18
24 4
24 6
24 9
24 15
24 12
24 16
24 14
24 1
24 20
24 8
24 13
24 22
25 19
25 1
25 7
25 23
25 15
25 6
25 24
25 8
25 17
25 10
26 1
26 5
26 15
26 24
26 10
26 22
26 7
26 25
27 22
27 19
27 21
27 13
27 24
27 11
27 10
27 7
27 8
27 5
27 16
27 6
27 14
27 20
27 18
28 26
28 2
28 11
28 7
28 24
28 16
28 21
28 8
28 18
28 5
28 10
28 25
29 9
29 2
29 15
29 20
29 12
29 16
29 27
29 28
29 8
29 4
29 25
29 5
29 23
29 17
29 11
29 3
29 26
30 26
30 28
30 27
30 24
30 22
30 9
30 8
30 21
30 5
30 18
30 20
31 30
31 9
31 7
31 10
31 29
31 15
31 8
31 16
31 24
31 18
31 5
31 13
31 3
31 4
32 26
32 21
32 11
32 30
32 31
32 24
32 3
32 22
32 6
33 6
33 3
33 18
33 31
33 24
33 5
33 12
33 4
33 17
33 10
33 23
33 20
33 15
33 21
33 7
34 26
34 11
34 32
34 7
34 22
34 10
34 33
34 4
34 30
34 9
34 6
34 27
34 24
34 17
35 13
35 17
35 15
35 34
35 26
35 3
35 29
35 25
35 8
35 7
35 1
35 14
35 2
35 11
35 24
35 20
36 25
36 22
36 12
36 16
36 26
36 2
36 9
36 4
36 21
36 11
36 14
36 27
36 18
36 35
36 7
36 17
36 3
36 32
37 32
37 7
37 29
37 23
37 20
37 16
37 33
37 14
37 15
37 2
37 6
37 30
37 1
37 11
37 9
38 4
38 36
38 23
38 34
38 20
38 6
38 24
38 11
38 21
38 15
39 32
39 29
39 21
39 26
39 5
39 34
39 8
39 36
39 25
39 16
39 4
39 1
39 30
39 19
40 5
40 31
40 7
40 17
40 13
40 24
40 37
40 30
40 1
40 32
40 6
40 33
40 4
40 10
40 28
41 9
41 25
41 5
41 12
41 23
41 19
41 20
41 7
41 17
41 10
41 37
41 6
41 3
41 32
41 16
41 1
41 15
42 30
42 25
42 19
42 21
42 6
42 28
42 37
42 8
42 18
42 20
42 38
42 9
42 39
42 10
42 7
42 36
42 3
43 34
43 28
43 22
43 23
43 3
43 17
43 14
43 25
43 6
43 19
43 36
43 12
43 41
43 16
43 20
43 37
43 27
43 1
43 42
43 13
43 31
44 4
44 37
44 8
44 29
44 42
44 39
44 35
44 6
44 34
44 9
44 41
44 22
44 2
44 15
44 28
44 21
44 14
44 30
44 18
44 24
44 16
44 17
44 19
45 9
45 38
45 5
45 19
45 23
45 14
45 35
45 24
45 36
45 26
45 3
45 42
45 18
45 27
45 12
45 25
45 11
45 4
45 33
45 17
45 39
45 2
46 43
46 23
46 21
46 28
46 30
46 6
46 18
46 10
46 39
46 4
46 33
46 41
46 38
46 40
46 3
46 32
46 45
46 16
46 29
46 42
46 17
46 25
46 36
46 44
46 20
46 5
46 34
47 40
47 36
47 41
47 12
47 37
47 22
47 10
47 34
47 5
47 16
47 13
47 42
47 9
47 38
47 25
47 6
47 1
47 27
47 21
47 15
47 31
47 2
48 21
48 46
48 27
48 16
48 15
48 40
48 41
48 37
48 43
48 1
48 9
48 35
48 6
48 19
48 5
48 26
48 13
48 39
48 10
48 36
48 7
48 18
48 47
48 2
49 8
49 6
49 29
49 38
49 12
49 18
49 21
49 45
49 16
49 32
49 3
49 39
49 13
49 26
49 15
49 31
49 2
49 30
49 33
50 23
50 21
50 46
50 32
50 30
50 25
50 4
50 19
50 22
50 38
50 9
50 6
50 35
50 34
50 5
50 18
50 49
50 20
50 7
50 24
50 43
50 45
50 16
50 29
