p td 50 600
2 1
3 1
4 3
4 1
5 1
5 3
6 3
6 4
7 4
7 6
8 5
8 6
8 3
9 7
9 8
9 1
10 9
10 5
10 1
10 4
11 10
11 8
11 1
11 4
12 1
12 10
12 6
12 9
12 5
12 11
13 9
13 1
13 7
13 6
13 5
13 11
13 8
13 10
14 13
14 2
14 6
14 12
14 5
14 11
14 10
14 1
14 4
15 2
15 4
15 10
15 12
15 9
15 14
16 13
16 10
16 6
16 15
16 2
16 12
16 3
16 7
16 5
16 4
16 11
17 12
17 11
17 15
17 3
18 7
18 15
18 12
18 8
18 5
18 6
18 14
18 2
18 13
18 11
19 18
19 16
19 9
19 11
19 14
19 10
19 7
19 2
19 5
19 3
19 8
20 17
20 19
20 12
20 15
20 13
20 16
20 2
20 5
20 6
21 2
21 5
21 18
21 12
21 19
21 4
22 1
22 18
22 10
22 19
22 6
22 17
22 4
22 8
22 9
22 21
22 12
23 8
23 3
23 14
23 9
23 4
23 5
23 20
23 12
23 15
23 17
23 11
23 6
24 5
24 21
24 8
24 20
24 12
24 14
24 1
24 15
24 18
24 10
25 12
25 7
25 19
25 6
25 3
25 9
25 2
26 18
26 4
26 24
26 21
26 25
26 13
26 1
26 5
26 20
26 11
26 12
26 19
27 16
27 23
27 9
27 22
27 5
27 14
27 11
27 3
27 2
28 24
28 13
28 16
28 9
28 15
28 2
28 20
28 23
28 6
29 14
29 12
29 19
29 7
29 11
29 8
29 16
29 5
29 28
29 2
29 23
29 27
30 28
30 2
30 10
30 16
30 3
30 17
30 4
30 12
30 5
30 18
30 14
30 27
30 15
30 11
30 29
30 6
30 13
30 24
31 12
31 23
31 21
31 16
31 22
31 27
31 9
31 30
31 20
31 7
31 10
31 6
31 8
31 17
31 18
31 5
31 13
32 19
32 29
32 2
32 8
32 17
32 18
32 14
32 6
32 12
32 10
32 13
32 1
32 30
32 5
33 27
33 20
33 5
33 32
33 18
33 31
33 2
33 10
33 25
33 17
33 16
34 5
34 26
34 28
34 31
34 20
34 14
34 29
34 16
34 9
34 19
34 27
34 1
34 6
34 32
34 12
34 21
34 15
35 24
35 6
35 1
35 27
35 7
35 32
35 19
35 13
35 26
35 18
35 15
35 11
35 2
35 4
35 33
35 22
35 34
36 20
36 13
36 31
36 5
36 34
36 28
36 30
36 1
36 35
36 26
36 25
36 19
36 3
36 32
36 18
36 27
36 11
36 14
36 8
36 10
36 7
37 21
37 29
37 19
37 2
37 31
37 7
37 36
37 3
37 30
37 1
37 27
37 14
37 8
37 18
37 25
37 15
37 34
37 5
37 22
37 35
37 33
37 10
37 13
38 15
38 24
38 26
38 4
38 25
38 6
38 17
38 2
38 31
38 18
38 37
38 29
38 30
38 16
38 3
38 32
38 22
38 11
38 21
38 5
38 28
38 7
38 36
39 15
39 11
39 36
39 19
39 3
39 32
39 30
39 14
39 5
39 34
39 12
39 28
39 21
39 26
39 18
39 31
39 23
39 4
39 27
39 10
39 37
39 8
39 20
39 24
40 9
40 16
40 39
40 10
40 20
40 11
40 35
40 21
40 5
40 14
40 27
40 26
40 17
40 31
40 2
40 23
40 36
41 38
41 29
41 26
41 20
41 2
41 37
41 27
41 7
41 22
41 24
41 12
41 3
41 32
41 33
41 6
41 35
41 14
41 30
41 34
41 23
41 11
41 40
42 15
42 27
42 4
42 22
42 39
42 20
42 6
42 21
42 34
42 1
42 11
42 40
42 3
42 31
42 18
42 41
42 12
43 32
43 40
43 6
43 27
43 25
43 33
43 8
43 37
43 5
43 34
43 18
43 12
43 41
43 31
43 2
43 39
43 36
43 14
43 30
43 1
43 42
43 20
44 10
44 30
44 24
44 13
44 11
44 40
44 20
44 41
44 28
44 7
44 36
44 33
44 4
44 5
44 34
44 21
44 26
44 6
44 35
44 18
45 44
45 28
45 12
45 23
45 2
45 31
45 25
45 4
45 30
45 39
45 10
45 35
45 6
45 32
45 14
45 18
45 9
45 38
45 40
45 11
45 13
45 26
46 11
46 36
46 16
46 28
46 17
46 4
46 5
46 25
46 41
46 12
46 9
46 29
46 3
46 37
46 8
46 44
46 24
46 10
46 39
46 26
46 23
47 18
47 40
47 24
47 5
47 19
47 31
47 22
47 23
47 21
47 37
47 1
47 10
47 39
47 33
47 7
47 14
47 43
47 46
47 17
47 25
47 32
47 3
48 8
48 27
48 20
48 47
48 19
48 12
48 9
48 38
48 40
48 43
48 14
48 17
48 30
48 22
48 34
48 21
48 45
48 6
48 15
48 23
48 10
48 39
49 26
49 11
49 40
49 2
49 41
49 45
49 22
49 48
49 19
49 32
49 15
49 25
49 18
49 47
49 23
49 46
49 20
49 9
49 14
49 43
49 1
49 30
50 29
50 26
50 19
50 48
50 7
50 36
50 47
50 40
50 11
50 44
50 15
50 20
50 33
50 4
50 38
50 9
50 22
50 39
50 6
50 45
50 30
50 1
