p td 50 650
2 1
3 2
5 1
5 3
6 4
6 1
7 3
8 7
8 6
8 4
8 2
8 5
8 3
8 1
9 2
9 7
9 6
10 1
10 6
10 8
10 7
10 4
10 9
11 10
11 1
11 7
11 6
11 2
12 10
12 11
12 8
12 7
12 6
13 6
13 4
13 8
13 11
13 7
13 9
14 7
14 11
14 1
14 5
14 2
14 4
14 3
14 13
14 10
15 6
15 10
15 1
15 13
15 14
15 9
15 2
16 1
16 6
16 11
16 2
16 8
16 5
16 13
16 10
17 3
17 2
17 5
17 9
17 16
17 6
17 4
17 7
17 13
17 11
17 12
17 15
17 10
18 17
18 12
18 9
18 6
18 10
18 8
19 6
19 9
19 3
19 12
19 18
19 8
19 7
19 5
19 4
19 1
19 16
20 8
20 12
20 13
20 15
20 14
20 10
20 17
20 11
20 6
20 4
21 16
21 6
21 3
21 9
21 19
21 8
21 5
21 18
21 7
22 13
22 5
22 1
22 11
22 14
22 16
22 10
22 4
22 20
22 2
22 3
22 9
22 6
23 21
23 2
23 14
23 12
23 5
23 18
23 22
23 10
23 7
23 20
23 4
24 19
24 7
24 15
24 8
24 4
24 22
24 17
24 1
24 11
24 5
24 21
24 16
24 10
24 13
24 9
25 7
25 8
25 23
25 24
25 12
25 18
25 9
25 4
25 2
25 15
25 5
25 13
25 6
25 11
26 13
26 11
26 10
26 7
26 22
26 8
26 15
26 18
26 2
26 17
26 12
26 23
26 21
26 1
26 20
26 19
26 4
26 16
27 15
27 1
27 3
27 17
27 22
27 8
27 24
27 11
27 14
27 26
27 19
27 6
27 2
27 4
27 16
28 26
28 13
28 24
28 12
28 15
28 2
28 22
28 7
28 21
28 16
28 3
28 19
28 20
28 17
28 11
28 23
28 8
29 1
29 15
29 12
29 2
29 10
29 25
29 6
29 3
29 16
29 8
29 24
29 9
29 22
29 19
29 18
29 13
29 17
29 14
30 7
30 23
30 12
30 19
30 11
30 1
30 4
30 6
30 18
30 13
30 10
30 9
30 28
30 20
31 28
31 25
31 7
31 27
31 15
31 13
31 18
31 26
31 2
31 24
31 4
31 30
31 19
31 21
31 17
31 12
31 3
31 14
32 13
32 26
32 14
32 25
32 12
32 21
32 8
32 18
32 5
32 23
32 29
32 3
32 30
32 2
32 11
32 24
33 2
33 12
33 22
33 20
33 19
33 4
33 13
33 29
33 11
33 3
33 32
33 25
33 21
33 10
34 7
34 14
34 2
34 31
34 10
34 21
34 26
34 24
34 11
34 9
34 12
34 27
34 6
34 25
34 20
34 32
34 18
34 1
34 19
34 22
34 4
35 20
35 6
35 19
35 18
35 29
35 34
35 5
35 3
35 23
35 10
35 7
35 33
35 12
35 27
35 8
35 21
35 13
35 22
35 17
35 30
36 27
36 10
36 12
36 2
36 13
36 7
36 34
36 5
36 19
36 6
36 35
36 20
36 33
36 16
36 3
36 11
36 17
36 8
36 21
36 9
36 18
36 26
36 15
37 33
37 23
37 31
37 21
37 3
37 18
37 35
37 6
37 19
37 10
37 9
37 29
37 13
37 1
37 5
37 34
37 11
37 28
37 12
38 34
38 11
38 10
38 22
38 23
38 8
38 37
38 9
38 15
38 19
38 25
38 12
38 6
38 35
38 30
38 17
38 26
38 24
38 4
38 33
38 3
39 26
39 31
39 27
39 1
39 10
39 28
39 9
39 24
39 21
39 11
39 7
39 14
39 16
39 8
39 15
40 17
40 23
40 28
40 5
40 24
40 32
40 8
40 30
40 1
40 27
40 20
40 4
40 33
40 19
40 15
40 13
40 21
41 19
41 12
41 11
41 5
41 10
41 18
41 14
41 4
41 24
41 13
41 22
41 6
41 35
41 1
41 32
41 2
41 37
41 8
41 7
41 16
42 25
42 34
42 39
42 10
42 14
42 17
42 38
42 9
42 29
42 15
42 8
42 12
42 23
42 30
42 1
42 26
42 40
42 11
43 24
43 31
43 37
43 8
43 25
43 23
43 22
43 20
43 29
43 6
43 35
43 15
43 41
43 28
43 30
43 4
43 17
43 36
43 13
43 16
43 5
43 34
43 3
43 40
43 11
44 29
44 19
44 26
44 20
44 3
44 32
44 42
44 30
44 17
44 4
44 33
44 16
44 37
44 40
44 22
44 6
44 35
44 2
44 31
44 18
44 41
44 39
45 23
45 44
45 41
45 12
45 2
45 31
45 20
45 18
45 34
45 5
45 11
45 40
45 17
45 43
45 14
45 30
45 1
45 19
45 6
45 8
45 36
45 38
45 42
45 33
45 25
45 28
46 45
46 13
46 44
46 17
46 5
46 20
46 30
46 1
46 26
46 43
46 24
46 35
46 6
46 3
46 32
46 7
46 4
46 33
46 28
46 31
46 39
46 22
46 23
47 29
47 26
47 7
47 3
47 28
47 38
47 34
47 2
47 41
47 12
47 8
47 1
47 27
47 6
47 45
47 19
47 21
48 46
48 6
48 27
48 26
48 12
48 11
48 43
48 29
48 36
48 5
48 1
48 45
48 19
48 4
48 23
48 18
48 47
48 21
48 22
48 25
48 2
48 13
49 25
49 29
49 41
49 43
49 21
49 4
49 15
49 17
49 11
49 37
49 38
49 47
49 18
49 2
49 31
49 39
49 10
49 22
49 6
49 45
49 16
49 36
49 7
50 25
50 30
50 24
50 4
50 28
50 27
50 44
50 46
50 48
50 31
50 37
50 8
50 18
50 47
50 5
50 34
50 12
50 6
50 3
50 39
50 42
50 13
50 40
