p td 50 700
2 1
3 2
3 1
4 2
4 1
4 3
5 3
6 1
6 3
6 2
7 6
7 1
7 4
7 3
8 1
8 5
9 1
9 5
9 8
9 7
9 4
9 3
10 7
10 3
10 8
10 9
10 2
10 5
10 6
11 5
11 8
11 4
11 2
11 9
12 10
12 6
12 5
12 8
12 2
12 4
12 9
12 11
13 1
13 4
13 9
13 11
13 12
13 7
13 5
14 1
14 12
14 7
14 11
15 9
15 14
15 11
15 7
15 4
15 3
16 4
16 12
16 2
16 10
16 3
16 9
16 15
16 13
17 8
17 7
17 13
17 9
17 14
17 2
17 3
17 4
17 15
18 3
18 6
18 4
18 14
18 1
18 2
18 13
18 11
18 8
18 10
19 14
19 11
19 6
19 13
19 12
19 2
19 9
19 16
19 5
19 1
19 15
19 7
19 18
20 19
20 15
20 18
20 1
20 6
20 3
20 12
20 8
20 16
21 17
21 8
21 19
21 2
21 7
22 11
22 13
22 3
22 7
22 10
22 5
22 15
22 2
22 4
22 18
22 20
22 19
22 12
22 9
22 21
23 7
23 20
23 17
23 9
23 4
23 19
23 8
23 21
23 3
23 12
23 10
23 18
23 16
23 11
24 22
24 11
24 23
24 21
24 16
24 1
24 15
24 20
24 6
25 7
25 24
25 11
25 17
25 18
25 16
25 9
25 12
25 5
25 10
25 20
25 3
25 21
26 21
26 1
26 19
26 14
26 18
26 13
26 7
26 22
26 11
26 8
26 16
26 3
26 10
26 17
26 12
26 2
26 5
27 25
27 13
27 10
27 17
27 18
27 23
27 15
27 1
27 11
27 3
27 9
27 6
27 24
27 7
28 21
28 17
28 16
28 12
28 9
28 6
28 7
28 4
28 18
28 20
28 24
28 2
29 13
29 26
29 11
29 16
29 6
29 9
29 27
29 10
29 23
29 4
29 7
29 5
29 19
29 15
29 28
29 24
29 20
29 17
30 7
30 26
30 8
30 21
30 28
30 2
30 11
30 24
30 19
30 20
30 17
30 16
30 3
30 15
30 5
31 10
31 7
31 1
31 17
31 2
31 25
31 12
31 18
31 16
31 21
31 3
31 19
31 6
31 11
31 20
31 28
32 3
32 12
32 25
32 5
32 31
32 13
32 26
32 30
32 1
32 17
32 20
32 16
32 29
32 4
32 24
32 27
32 21
32 6
32 8
32 9
32 28
33 22
33 20
33 27
33 16
33 4
33 3
33 32
33 7
33 12
33 6
33 17
33 2
33 31
33 29
33 18
33 26
33 28
33 30
33 1
34 12
34 29
34 11
34 22
34 16
34 2
34 31
34 18
34 7
34 1
34 30
34 20
34 10
34 6
34 8
34 24
34 17
34 23
34 26
34 9
34 19
34 14
35 23
35 2
35 10
35 20
35 32
35 22
35 24
35 5
35 28
35 33
35 17
35 7
35 14
35 27
35 15
35 29
35 21
35 16
36 26
36 28
36 31
36 10
36 25
36 7
36 20
36 8
36 9
36 32
36 16
36 6
36 35
36 15
36 2
36 14
36 34
36 13
36 33
36 4
36 22
36 27
36 17
36 29
36 11
36 30
37 14
37 35
37 9
37 18
37 6
37 12
37 26
37 36
37 7
37 33
37 4
37 2
37 28
37 15
37 34
37 5
37 29
37 10
37 20
37 1
37 22
37 16
37 19
37 23
38 26
38 12
38 19
38 13
38 24
38 17
38 1
38 16
38 3
38 28
38 31
38 25
38 14
38 29
38 33
38 8
38 37
38 11
38 35
38 5
38 34
39 23
39 38
39 9
39 6
39 37
39 2
39 31
39 34
39 22
39 13
39 11
39 4
39 17
39 20
39 19
39 18
39 15
39 1
39 14
39 12
39 21
40 10
40 28
40 16
40 30
40 1
40 24
40 20
40 23
40 2
40 32
40 3
40 4
40 15
40 36
40 7
40 17
40 34
40 21
40 37
40 8
40 13
40 27
40 14
41 8
41 2
41 5
41 32
41 3
41 19
41 11
41 40
41 26
41 39
41 27
41 4
41 15
41 23
41 17
41 9
41 18
41 1
41 12
41 22
41 20
41 36
41 24
41 25
42 17
42 20
42 35
42 7
42 36
42 14
42 34
42 40
42 11
42 3
42 32
42 19
42 13
42 37
42 15
42 23
42 29
42 21
42 12
42 39
42 10
42 2
42 38
42 22
43 28
43 36
43 18
43 41
43 12
43 2
43 23
43 27
43 32
43 3
43 33
43 8
43 5
43 34
43 40
43 30
43 1
43 14
43 22
43 39
43 10
43 42
43 9
43 38
43 19
43 21
44 24
44 10
44 4
44 15
44 26
44 39
44 42
44 18
44 20
44 17
44 33
44 12
44 41
44 25
44 38
44 9
44 22
44 43
44 14
44 19
44 37
44 8
44 7
44 36
44 11
44 40
44 1
44 23
45 28
45 18
45 5
45 17
45 8
45 39
45 25
45 4
45 33
45 44
45 43
45 9
45 22
45 6
45 35
45 1
45 27
45 12
45 41
45 7
45 36
45 23
45 29
45 16
45 42
46 39
46 3
46 33
46 4
46 35
46 6
46 12
46 41
46 13
46 42
46 8
46 37
46 31
46 44
46 5
46 14
46 40
46 20
46 38
46 16
46 45
46 25
46 17
46 22
46 27
46 28
46 30
46 21
47 21
47 1
47 9
47 10
47 41
47 29
47 8
47 37
47 34
47 5
47 15
47 44
47 40
47 46
47 42
47 28
47 35
47 22
47 33
47 4
48 29
48 12
48 41
48 47
48 28
48 24
48 36
48 7
48 22
48 34
48 42
48 11
48 15
48 2
48 1
48 30
48 14
48 10
48 6
48 3
48 32
48 37
48 8
48 25
49 46
49 4
49 33
49 20
49 22
49 12
49 44
49 47
49 18
49 38
49 25
49 3
49 14
49 5
49 34
49 19
49 16
49 45
49 28
49 42
49 13
50 16
50 4
50 26
50 7
50 41
50 12
50 13
50 42
50 30
50 1
50 15
50 44
50 29
50 10
50 23
50 9
50 48
50 35
50 5
50 34
50 21
50 8
50 17
50 14
50 43
50 20
50 32
50 3
50 25
