p td 50 750
2 1
3 1
4 2
4 1
5 2
6 1
6 3
6 2
7 1
7 3
7 4
8 7
8 3
8 1
8 5
8 6
8 4
9 7
10 1
10 5
10 8
10 4
10 7
10 6
11 6
11 8
11 4
11 1
12 7
12 3
12 4
12 1
12 8
12 5
12 9
13 7
13 6
13 9
13 1
13 5
13 3
13 4
13 12
13 10
14 9
14 4
14 7
14 5
14 6
14 3
14 10
14 11
14 8
14 2
15 6
15 8
15 3
15 12
15 2
15 1
15 9
16 7
16 14
16 6
16 10
16 2
16 15
16 9
16 1
16 12
17 5
17 13
17 14
17 10
17 15
17 8
17 2
17 16
17 11
18 13
18 10
18 1
18 14
18 8
18 5
18 7
18 3
18 9
18 16
18 6
18 2
19 14
19 6
19 1
19 12
19 10
19 11
19 13
19 7
19 8
19 16
20 19
20 13
20 16
20 6
20 18
20 8
20 1
20 17
20 14
20 2
21 6
21 19
21 20
21 10
21 15
21 3
21 9
21 12
21 5
21 2
22 8
22 2
22 20
22 1
22 10
22 15
22 11
22 16
22 5
22 17
22 12
22 13
22 7
22 6
22 4
22 3
23 20
23 13
23 7
23 4
23 3
23 19
23 1
23 12
23 8
23 15
23 2
23 17
23 18
23 16
23 21
24 4
24 11
24 10
24 12
24 15
24 19
24 22
24 7
24 1
24 16
24 18
24 2
24 13
24 6
24 5
25 5
25 7
25 1
25 21
25 11
25 18
25 22
25 19
25 23
25 13
25 10
25 12
25 16
25 14
25 2
25 15
25 24
25 8
26 5
26 24
26 12
26 4
26 6
26 16
26 14
26 21
26 10
26 23
26 18
26 13
26 19
26 15
27 4
27 18
27 13
27 25
27 6
27 9
27 22
27 1
27 19
27 17
27 10
27 15
27 8
27 16
27 23
27 21
28 9
28 20
28 8
28 2
28 12
28 7
28 4
28 17
28 21
28 16
28 18
28 10
28 25
28 27
28 22
28 26
28 6
29 4
29 27
29 15
29 9
29 1
29 12
29 28
29 19
29 17
29 25
29 23
29 7
29 13
29 3
29 16
29 8
30 20
30 9
30 22
30 19
30 5
30 23
30 10
30 12
30 15
30 18
30 4
30 11
30 16
30 13
30 17
30 14
30 1
31 17
31 25
31 22
31 11
31 8
31 7
31 20
31 30
31 1
31 3
31 13
31 26
31 21
31 16
31 23
31 15
31 28
31 29
31 18
31 9
32 25
32 10
32 16
32 1
32 31
32 2
32 21
32 27
32 26
32 15
32 18
32 5
32 14
32 17
32 24
32 19
32 9
32 12
32 3
32 23
33 5
33 4
33 10
33 28
33 15
33 14
33 23
33 25
33 9
33 12
33 32
33 3
33 24
33 18
33 21
33 1
33 30
33 17
33 6
33 8
33 27
33 22
34 24
34 6
34 3
34 23
34 27
34 31
34 21
34 19
34 33
34 4
34 15
34 25
34 10
34 14
34 30
34 1
34 16
34 13
34 12
35 20
35 7
35 19
35 1
35 27
35 13
35 18
35 3
35 25
35 2
35 31
35 12
35 29
35 23
35 33
35 5
35 14
35 24
36 25
36 13
36 26
36 10
36 27
36 35
36 11
36 8
36 2
36 31
36 5
36 34
36 30
36 1
36 4
36 16
36 32
36 29
36 28
36 23
36 17
36 19
36 22
36 21
37 6
37 8
37 13
37 24
37 21
37 23
37 26
37 4
37 22
37 28
37 31
37 15
37 10
37 36
37 1
37 30
37 20
37 18
37 34
37 3
38 30
38 21
38 8
38 23
38 14
38 33
38 17
38 6
38 35
38 19
38 32
38 26
38 22
38 24
38 15
38 12
38 27
38 5
38 18
38 9
38 36
39 25
39 14
39 20
39 7
39 36
39 11
39 13
39 38
39 9
39 18
39 21
39 22
39 35
39 6
39 19
39 1
39 30
39 24
39 10
39 15
39 17
39 37
39 28
39 12
39 31
39 26
40 15
40 21
40 9
40 38
40 20
40 5
40 34
40 14
40 27
40 2
40 19
40 8
40 16
40 3
40 10
40 24
40 30
40 4
40 7
40 36
40 6
40 35
40 12
40 28
40 25
40 29
40 17
41 13
41 38
41 20
41 27
41 37
41 8
41 29
41 26
41 15
41 22
41 35
41 2
41 31
41 18
41 4
41 1
41 30
41 12
41 14
41 32
41 5
41 34
41 10
41 36
42 9
42 26
42 23
42 3
42 31
42 2
42 35
42 18
42 11
42 33
42 36
42 7
42 17
42 16
42 10
42 39
42 13
42 5
42 34
42 27
42 21
42 29
43 18
43 10
43 23
43 12
43 22
43 29
43 11
43 2
43 31
43 28
43 15
43 8
43 1
43 14
43 9
43 38
43 42
43 33
43 4
43 7
43 20
44 29
44 22
44 2
44 1
44 10
44 31
44 41
44 36
44 3
44 32
44 15
44 26
44 20
44 34
44 5
44 12
44 37
44 8
44 24
44 11
44 40
44 19
44 6
44 35
44 33
44 4
44 14
44 38
44 13
44 27
44 28
44 17
45 29
45 37
45 24
45 3
45 7
45 20
45 6
45 35
45 14
45 28
45 2
45 15
45 41
45 9
45 33
45 42
45 34
45 18
45 39
45 10
45 25
46 37
46 11
46 12
46 23
46 19
46 45
46 16
46 6
46 35
46 27
46 31
46 2
46 5
46 18
46 38
46 9
46 13
46 42
46 3
46 29
46 26
46 43
46 24
46 15
46 44
46 33
46 21
46 20
46 10
46 7
46 30
47 4
47 28
47 46
47 20
47 35
47 26
47 39
47 10
47 16
47 45
47 3
47 19
47 25
47 12
47 30
47 1
47 8
47 37
47 14
47 9
47 38
47 22
47 44
47 5
47 36
47 7
47 27
47 18
47 33
47 40
48 36
48 17
48 23
48 18
48 31
48 46
48 26
48 39
48 10
48 24
48 4
48 33
48 29
48 25
48 28
48 15
48 44
48 47
48 34
48 5
48 32
48 38
48 37
48 8
48 13
48 19
48 30
48 1
48 35
48 40
48 20
48 14
48 7
49 25
49 40
49 9
49 1
49 45
49 33
49 4
49 23
49 42
49 13
49 21
49 8
49 47
49 10
49 5
49 24
49 27
49 17
49 44
49 15
49 28
49 20
50 11
50 33
50 37
50 17
50 42
50 13
50 31
50 44
50 15
50 18
50 12
50 41
50 25
50 38
50 9
50 20
50 39
50 26
50 7
50 32
50 30
50 1
50 6
50 35
50 14
50 43
50 4
50 45
50 16
50 8
50 34
50 22
