p td 50 800
2 1
3 1
3 2
4 1
4 3
5 2
5 4
6 5
6 3
6 1
6 4
7 6
7 4
7 1
7 3
7 2
8 4
8 5
8 2
8 3
9 7
9 2
9 1
9 3
10 3
10 4
10 2
10 9
10 8
10 6
10 5
11 2
11 6
11 8
11 9
11 3
11 1
12 11
12 3
12 6
12 10
12 1
12 4
12 5
12 7
13 10
13 11
13 6
13 5
13 1
13 4
13 2
13 12
14 5
14 12
14 4
14 3
14 9
14 6
14 7
14 11
14 13
14 2
15 12
15 14
15 3
15 4
15 1
15 10
15 6
15 11
15 9
15 5
16 11
16 13
16 10
16 15
16 7
16 2
16 9
16 6
17 7
17 12
17 16
17 15
17 14
17 4
17 5
17 11
17 13
17 6
17 10
17 9
18 10
18 12
18 15
18 1
18 7
18 16
18 9
18 13
18 2
18 14
18 6
19 9
19 5
19 18
19 17
19 13
19 7
19 11
19 15
19 14
19 4
19 12
19 16
19 10
20 7
20 10
20 9
20 8
20 14
20 15
20 16
20 3
20 1
20 18
20 5
20 4
21 10
21 20
21 2
21 18
21 5
21 6
21 8
21 15
21 17
21 11
21 3
21 4
21 9
22 8
22 16
22 20
22 19
22 14
22 10
22 21
22 18
22 15
22 9
22 4
23 20
23 21
23 9
23 15
23 5
23 10
23 6
23 7
23 3
23 16
23 22
23 11
23 13
23 17
23 2
23 1
24 12
24 1
24 23
24 10
24 6
24 17
24 13
24 21
24 11
24 4
24 16
24 2
24 3
24 5
24 8
25 8
25 2
25 5
25 9
25 3
25 17
25 18
25 24
25 15
25 20
25 14
25 11
25 16
25 23
25 7
26 14
26 1
26 21
26 10
26 4
26 17
26 23
26 25
26 22
26 5
26 16
26 3
26 15
26 18
26 24
26 7
26 20
26 19
27 14
27 17
27 2
27 4
27 20
27 25
27 26
27 11
27 3
27 10
27 6
27 8
27 19
27 23
27 18
27 1
28 17
28 18
28 5
28 7
28 4
28 19
28 12
28 27
28 1
28 22
28 15
28 8
28 14
28 23
28 26
28 25
29 7
29 14
29 8
29 26
29 24
29 2
29 5
29 22
29 16
29 13
29 27
29 1
29 12
29 4
29 20
29 6
29 19
29 15
29 18
29 11
29 17
30 28
30 13
30 9
30 3
30 4
30 7
30 18
30 5
30 17
30 15
30 12
30 21
30 10
30 1
30 2
30 14
30 16
30 23
31 24
31 5
31 8
31 29
31 16
31 10
31 19
31 17
31 12
31 18
31 21
31 7
31 15
31 23
31 1
31 22
32 24
32 4
32 7
32 17
32 28
32 15
32 5
32 18
32 31
32 27
32 14
32 16
32 29
32 8
32 19
32 12
33 32
33 18
33 7
33 2
33 31
33 15
33 28
33 14
33 27
33 29
33 25
33 4
33 17
33 20
33 23
33 16
33 13
33 5
33 22
33 9
34 3
34 2
34 21
34 18
34 9
34 27
34 16
34 23
34 1
34 30
34 10
34 8
34 14
34 29
34 13
34 20
34 19
35 9
35 18
35 10
35 22
35 15
35 12
35 23
35 14
35 13
35 3
35 21
35 11
35 7
35 20
35 30
35 1
35 2
35 31
35 16
35 34
35 5
35 26
35 29
35 19
35 33
35 17
36 24
36 3
36 32
36 23
36 18
36 33
36 28
36 1
36 30
36 14
36 17
36 13
36 7
36 5
36 22
36 12
36 26
36 10
36 29
36 6
36 31
36 2
37 35
37 10
37 23
37 9
37 25
37 8
37 33
37 17
37 30
37 16
37 3
37 32
37 13
37 29
37 19
37 12
37 28
37 14
37 20
37 27
37 21
37 31
37 36
37 6
38 32
38 14
38 20
38 29
38 9
38 7
38 5
38 34
38 19
38 35
38 6
38 10
38 12
38 8
38 37
38 11
38 31
38 30
38 27
38 15
39 14
39 34
39 5
39 27
39 11
39 30
39 24
39 7
39 13
39 26
39 9
39 23
39 31
39 22
39 12
39 3
39 6
39 35
39 4
39 29
39 19
39 25
39 21
39 15
40 18
40 12
40 2
40 31
40 39
40 13
40 3
40 9
40 38
40 19
40 23
40 1
40 27
40 24
40 7
40 26
40 33
40 25
40 35
40 6
40 21
40 28
40 5
40 16
41 14
41 17
41 2
41 11
41 40
41 26
41 16
41 30
41 1
41 5
41 34
41 8
41 12
41 21
41 33
41 28
41 36
41 29
41 19
41 25
41 38
41 23
41 35
41 10
42 24
42 2
42 10
42 4
42 14
42 26
42 13
42 18
42 9
42 38
42 40
42 11
42 7
42 37
42 12
42 25
42 30
42 1
42 27
42 15
42 28
42 16
42 22
42 34
43 3
43 40
43 14
43 12
43 17
43 13
43 37
43 8
43 21
43 24
43 11
43 5
43 34
43 27
43 1
43 30
43 10
43 22
43 28
43 15
43 19
43 35
43 33
43 4
43 7
43 29
43 9
43 38
44 2
44 1
44 20
44 34
44 39
44 36
44 26
44 38
44 9
44 40
44 11
44 27
44 17
44 16
44 5
44 41
44 12
44 37
44 24
44 35
44 30
44 13
44 28
44 19
44 22
44 25
44 15
44 21
44 43
44 29
44 7
45 29
45 37
45 36
45 23
45 27
45 22
45 25
45 19
45 17
45 1
45 38
45 9
45 5
45 34
45 31
45 2
45 44
45 15
45 18
45 10
45 39
45 42
45 13
45 7
45 4
45 3
45 32
45 24
45 11
45 21
45 20
45 6
45 41
45 14
45 28
46 1
46 11
46 40
46 31
46 12
46 10
46 22
46 19
46 44
46 15
46 28
46 25
46 17
46 43
46 30
46 24
46 21
46 37
46 16
46 45
46 5
46 34
46 41
46 3
46 26
46 33
46 27
46 42
46 13
46 23
46 29
46 38
47 4
47 7
47 42
47 21
47 44
47 33
47 19
47 6
47 35
47 40
47 11
47 1
47 30
47 23
47 36
47 10
47 39
47 25
47 15
47 28
47 14
47 46
47 22
47 41
47 26
47 31
47 16
47 3
47 18
47 13
47 24
47 38
47 8
48 14
48 12
48 41
48 44
48 9
48 1
48 30
48 23
48 11
48 40
48 3
48 29
48 19
48 6
48 31
48 5
48 47
48 18
48 10
48 7
48 36
48 28
48 33
48 46
48 21
48 16
48 8
48 37
49 19
49 40
49 6
49 37
49 25
49 36
49 7
49 43
49 14
49 17
49 46
49 12
49 39
49 10
49 32
49 3
49 2
49 31
49 21
49 34
49 5
49 20
49 1
49 30
49 27
49 4
49 33
49 9
49 38
49 45
49 16
49 29
49 44
49 48
50 37
50 34
50 49
50 14
50 30
50 26
50 42
50 13
50 15
50 25
50 19
50 23
50 10
50 39
50 43
50 17
50 46
50 7
50 36
50 9
50 18
50 16
50 6
50 35
50 24
50 32
50 3
50 27
50 11
50 20
50 28
50 31
50 29
50 41
