p td 50 850
2 1
3 2
3 1
4 2
4 3
5 1
5 2
5 3
6 3
6 1
6 5
6 4
6 2
7 4
7 2
7 5
7 1
7 3
8 2
8 4
8 7
8 5
9 1
9 4
9 5
9 7
10 2
10 7
10 9
10 6
10 4
11 1
11 4
11 3
11 5
11 8
11 7
11 6
11 9
11 10
11 2
12 5
12 4
12 7
12 2
12 11
12 6
12 9
13 4
13 3
13 6
13 8
13 11
13 5
13 7
14 1
14 8
14 4
14 6
14 5
14 2
14 12
14 7
14 9
14 10
14 3
15 10
15 6
15 9
15 2
15 3
15 11
15 4
15 14
15 1
15 12
16 10
16 2
16 11
16 13
16 1
16 4
16 5
16 12
16 3
16 14
16 9
16 6
16 8
17 11
17 12
17 2
17 9
17 4
17 15
17 16
17 3
17 10
17 7
17 5
17 14
17 1
18 11
18 15
18 10
18 9
18 16
18 5
18 8
18 3
18 4
18 12
18 2
19 3
19 1
19 12
19 14
19 10
19 15
19 2
19 13
19 7
19 9
20 18
20 14
20 8
20 4
20 11
20 7
20 19
20 5
20 2
20 3
20 13
20 17
20 1
20 12
20 10
20 16
20 6
21 7
21 15
21 9
21 4
21 13
21 18
21 1
21 10
21 20
21 5
21 3
21 17
21 19
21 14
21 11
22 7
22 10
22 18
22 13
22 14
22 17
22 12
22 21
22 11
22 6
22 16
22 5
22 19
22 3
22 4
23 22
23 17
23 18
23 10
23 4
23 21
23 6
23 19
23 8
23 11
23 7
23 14
23 3
23 16
23 12
23 9
23 1
24 6
24 11
24 16
24 3
24 7
24 14
24 15
24 1
24 12
24 23
24 19
24 13
24 17
24 21
24 8
25 8
25 1
25 9
25 18
25 5
25 11
25 21
25 12
25 13
25 16
25 6
25 22
25 23
25 20
25 10
25 15
25 24
25 19
26 17
26 8
26 21
26 2
26 9
26 7
26 6
26 3
26 10
26 13
26 24
26 11
26 25
26 14
26 18
26 20
26 19
26 1
26 22
27 22
27 23
27 6
27 16
27 24
27 8
27 14
27 1
27 7
27 19
27 2
27 15
27 12
27 4
27 13
27 11
27 18
27 17
27 3
27 25
27 21
27 26
28 4
28 26
28 12
28 20
28 6
28 21
28 5
28 16
28 24
28 3
28 17
28 13
28 2
28 19
28 14
28 15
28 1
29 23
29 24
29 18
29 20
29 5
29 6
29 3
29 19
29 7
29 28
29 4
29 17
29 10
29 1
29 16
29 8
29 26
30 3
30 1
30 7
30 10
30 16
30 13
30 29
30 9
30 21
30 22
30 11
30 19
30 4
30 2
30 18
30 17
30 5
30 24
30 28
31 22
31 19
31 11
31 20
31 15
31 2
31 21
31 16
31 12
31 5
31 7
31 26
31 13
31 10
31 27
31 17
31 29
31 9
31 4
31 28
31 18
31 3
31 30
31 25
31 6
32 28
32 12
32 9
32 7
32 16
32 30
32 14
32 11
32 26
32 5
32 18
32 15
32 8
32 13
32 20
32 21
32 24
32 3
32 31
32 2
32 6
32 27
32 19
33 13
33 17
33 4
33 21
33 11
33 1
33 19
33 7
33 20
33 16
33 28
33 23
33 14
33 9
33 24
33 6
33 22
33 26
34 22
34 17
34 7
34 3
34 32
34 27
34 14
34 20
34 28
34 12
34 18
34 6
34 9
34 16
34 11
34 2
34 13
34 8
34 1
34 5
34 4
34 33
35 22
35 1
35 6
35 28
35 12
35 2
35 31
35 9
35 16
35 3
35 32
35 13
35 23
35 15
35 7
35 19
35 34
35 5
35 29
35 33
35 14
35 24
36 2
36 30
36 7
36 28
36 21
36 16
36 20
36 14
36 34
36 5
36 18
36 8
36 15
36 24
36 33
36 25
36 13
36 23
36 10
36 17
36 31
36 32
36 3
36 22
36 1
36 27
37 10
37 23
37 11
37 27
37 14
37 29
37 24
37 6
37 35
37 1
37 12
37 36
37 7
37 13
37 26
37 21
37 3
37 31
37 18
37 4
37 33
37 17
37 8
37 19
37 15
37 25
37 22
37 28
37 20
38 13
38 25
38 2
38 31
38 27
38 30
38 1
38 4
38 33
38 10
38 34
38 22
38 35
38 6
38 29
38 26
38 16
38 37
38 24
38 17
38 23
38 32
38 3
38 14
39 3
39 21
39 16
39 18
39 28
39 19
39 24
39 10
39 23
39 4
39 33
39 30
39 26
39 38
39 11
39 31
39 2
39 5
39 34
39 13
39 37
39 22
39 27
39 6
39 7
39 29
39 20
40 34
40 27
40 11
40 26
40 9
40 17
40 20
40 33
40 8
40 32
40 3
40 12
40 39
40 10
40 24
40 7
40 36
40 25
40 6
40 16
40 22
40 1
41 5
41 18
41 38
41 33
41 11
41 4
41 2
41 31
41 35
41 6
41 25
41 17
41 14
41 16
41 26
41 8
41 37
41 34
41 20
41 7
41 36
41 12
41 39
41 10
41 21
41 13
41 40
41 15
41 23
41 29
41 27
42 24
42 9
42 38
42 8
42 37
42 30
42 17
42 25
42 5
42 34
42 16
42 3
42 20
42 33
42 10
42 27
42 26
42 19
42 35
42 6
42 36
42 11
42 40
42 15
42 14
42 13
42 23
42 31
42 12
43 9
43 30
43 28
43 27
43 14
43 20
43 8
43 37
43 25
43 16
43 2
43 31
43 24
43 19
43 32
43 40
43 12
43 41
43 15
43 17
43 39
43 10
44 41
44 8
44 37
44 11
44 40
44 24
44 36
44 22
44 31
44 5
44 20
44 16
44 29
44 12
44 38
44 18
44 33
44 13
44 28
44 3
44 21
44 39
44 23
44 43
44 15
44 25
45 42
45 25
45 10
45 11
45 32
45 21
45 4
45 33
45 30
45 1
45 28
45 26
45 7
45 36
45 9
45 38
45 16
45 27
45 39
45 24
45 12
45 20
45 18
45 23
45 40
45 44
45 15
45 14
45 43
46 29
46 27
46 31
46 38
46 13
46 9
46 17
46 22
46 3
46 21
46 24
46 43
46 14
46 19
46 45
46 25
46 20
46 28
46 2
46 10
46 23
46 44
46 15
46 18
46 40
46 4
46 33
46 6
46 35
46 1
46 30
46 41
46 12
46 36
46 5
46 37
46 8
47 21
47 44
47 15
47 6
47 35
47 22
47 9
47 16
47 45
47 23
47 36
47 24
47 20
47 28
47 41
47 12
47 33
47 4
47 8
47 37
47 31
47 5
47 34
47 17
47 30
47 18
47 27
48 3
48 24
48 39
48 20
48 1
48 16
48 45
48 30
48 38
48 11
48 41
48 12
48 8
48 34
48 6
48 35
48 19
48 33
48 7
48 10
48 43
48 14
48 27
48 26
48 44
48 47
48 18
48 13
48 28
48 25
48 2
48 29
49 29
49 31
49 17
49 46
49 48
49 27
49 14
49 43
49 7
49 36
49 33
49 20
49 15
49 28
49 23
49 42
49 13
49 26
49 40
49 45
49 16
49 18
49 47
49 32
49 2
49 25
49 5
49 38
49 21
49 12
50 2
50 5
50 42
50 17
50 33
50 37
50 31
50 19
50 48
50 25
50 47
50 34
50 15
50 28
50 23
50 35
50 6
50 7
50 4
50 43
50 30
50 1
50 22
50 26
50 8
50 40
50 46
50 9
50 12
50 24
50 10
50 32
50 45
50 21
50 49
