p td 50 1000
2 1
3 1
4 3
4 1
5 1
5 3
5 2
6 4
6 1
7 1
7 5
7 2
7 3
7 4
8 7
8 2
8 6
8 3
8 4
9 3
9 8
9 2
9 1
9 6
9 4
9 5
10 2
10 3
10 7
10 1
10 8
10 4
10 9
10 5
11 6
11 3
11 5
11 4
11 8
11 1
11 7
11 10
12 1
12 10
12 7
12 6
12 2
12 8
12 4
13 10
13 2
13 8
13 12
13 3
13 5
13 1
13 7
13 9
13 6
13 11
14 5
14 6
14 3
14 7
14 10
14 9
14 8
14 13
14 11
14 12
15 10
15 11
15 5
15 9
15 1
15 13
15 8
15 12
15 2
15 4
15 3
15 6
16 13
16 4
16 5
16 6
16 9
16 2
16 15
16 8
16 10
16 3
16 14
16 11
17 14
17 13
17 12
17 11
17 15
17 6
17 9
17 2
17 10
17 7
18 12
18 9
18 3
18 7
18 4
18 14
18 16
18 15
18 11
18 6
18 10
18 1
18 13
18 17
18 2
19 7
19 18
19 6
19 9
19 13
19 3
19 15
19 14
19 1
19 16
19 10
19 5
19 17
19 12
19 11
20 17
20 14
20 8
20 18
20 5
20 3
20 16
20 1
20 19
20 11
20 10
20 13
20 2
20 9
20 4
21 10
21 3
21 12
21 9
21 13
21 14
21 5
21 18
21 4
21 20
21 16
21 15
21 19
21 17
21 2
21 7
21 6
21 11
22 2
22 16
22 9
22 6
22 19
22 12
22 7
22 17
22 4
22 11
22 1
22 15
22 5
22 10
22 13
22 14
22 18
22 3
23 16
23 3
23 20
23 4
23 21
23 8
23 1
23 10
23 11
23 18
23 5
23 22
23 6
23 13
23 14
23 12
23 7
24 8
24 2
24 17
24 21
24 13
24 22
24 7
24 6
24 11
24 23
24 14
24 1
24 18
24 5
24 16
24 20
24 12
24 3
24 15
25 8
25 15
25 9
25 17
25 11
25 6
25 16
25 21
25 20
25 1
25 5
25 2
25 13
25 4
25 22
25 24
25 23
26 9
26 22
26 5
26 4
26 14
26 23
26 2
26 12
26 15
26 18
26 13
26 10
26 20
26 24
26 19
26 6
26 16
26 7
26 8
27 11
27 15
27 7
27 17
27 5
27 10
27 18
27 21
27 23
27 25
27 12
27 16
27 19
27 3
27 13
27 8
27 20
27 9
27 1
27 6
27 24
27 2
27 22
28 3
28 13
28 7
28 18
28 24
28 6
28 4
28 5
28 19
28 27
28 15
28 17
28 20
28 10
28 21
28 11
28 1
28 16
28 26
28 9
28 22
28 8
28 2
28 25
29 13
29 10
29 9
29 23
29 14
29 3
29 26
29 12
29 21
29 8
29 15
29 17
29 6
29 19
29 7
29 11
29 18
29 20
29 1
29 22
29 27
29 28
30 22
30 7
30 5
30 1
30 29
30 12
30 28
30 17
30 9
30 25
30 11
30 21
30 14
30 10
30 23
30 13
30 15
30 4
30 19
30 24
30 2
30 16
30 3
30 18
30 27
31 16
31 18
31 5
31 6
31 23
31 1
31 4
31 3
31 26
31 11
31 14
31 15
31 2
31 10
31 9
31 19
31 21
31 24
31 20
31 7
31 12
31 25
31 22
31 28
31 8
32 21
32 3
32 16
32 31
32 14
32 18
32 17
32 9
32 20
32 10
32 19
32 8
32 29
32 13
32 28
32 1
32 15
32 2
32 5
32 6
32 26
32 4
32 24
33 15
33 20
33 14
33 5
33 27
33 32
33 7
33 1
33 17
33 2
33 31
33 28
33 9
33 16
33 21
33 10
33 26
33 13
33 19
33 6
33 4
33 30
33 29
33 3
33 11
33 8
33 22
33 23
33 25
34 8
34 10
34 22
34 29
34 20
34 7
34 5
34 21
34 14
34 3
34 15
34 12
34 24
34 23
34 28
34 18
34 11
34 4
34 30
34 26
34 13
34 19
34 17
34 31
34 25
35 13
35 19
35 28
35 8
35 27
35 15
35 17
35 26
35 7
35 10
35 16
35 5
35 34
35 9
35 24
35 11
35 12
35 33
35 4
35 29
35 2
35 6
35 30
35 20
35 25
35 22
35 18
35 23
36 21
36 15
36 2
36 12
36 27
36 3
36 9
36 18
36 34
36 25
36 33
36 8
36 13
36 20
36 24
36 32
36 28
36 4
36 30
36 5
36 14
36 35
36 6
36 10
36 7
36 19
36 31
36 29
36 23
36 26
36 17
37 27
37 29
37 33
37 24
37 3
37 4
37 18
37 7
37 36
37 20
37 15
37 2
37 14
37 19
37 13
37 25
37 16
37 21
37 22
37 12
37 5
37 6
37 11
37 28
37 1
37 26
37 9
37 23
38 10
38 22
38 19
38 3
38 14
38 5
38 32
38 31
38 15
38 12
38 1
38 30
38 9
38 36
38 34
38 33
38 13
38 23
38 26
38 17
38 18
38 21
38 28
38 8
38 29
38 25
38 6
38 35
38 11
39 10
39 4
39 2
39 37
39 22
39 34
39 5
39 3
39 13
39 18
39 16
39 26
39 15
39 11
39 7
39 36
39 33
39 1
39 30
39 27
39 14
39 32
39 20
39 25
39 38
39 9
39 19
39 21
39 8
39 28
39 23
39 24
39 6
39 29
39 17
40 38
40 16
40 27
40 5
40 26
40 28
40 7
40 17
40 15
40 14
40 34
40 23
40 36
40 10
40 20
40 1
40 2
40 31
40 24
40 18
40 6
40 35
40 22
40 9
40 11
40 33
40 12
40 21
40 13
40 37
40 8
40 25
40 3
40 29
41 34
41 29
41 30
41 37
41 31
41 25
41 9
41 16
41 2
41 28
41 36
41 7
41 10
41 39
41 15
41 5
41 26
41 13
41 6
41 40
41 1
41 4
41 12
41 24
41 8
41 22
41 27
42 39
42 18
42 28
42 27
42 26
42 4
42 23
42 7
42 21
42 12
42 1
42 36
42 15
42 2
42 31
42 11
42 40
42 3
42 32
42 16
42 5
42 30
42 35
42 6
42 8
42 37
42 38
42 19
42 13
42 17
42 25
42 24
42 41
42 20
42 29
42 33
43 3
43 18
43 37
43 17
43 27
43 30
43 38
43 19
43 20
43 21
43 34
43 5
43 15
43 11
43 40
43 31
43 14
43 13
43 42
43 26
43 41
43 12
43 24
43 23
43 32
43 16
43 10
43 36
43 25
43 22
43 29
43 33
44 25
44 34
44 9
44 14
44 29
44 27
44 31
44 40
44 23
44 33
44 4
44 11
44 26
44 13
44 42
44 18
44 2
44 41
44 12
44 10
44 1
44 30
44 22
44 19
44 21
44 16
44 38
44 24
44 37
44 7
44 36
44 6
44 32
44 28
45 15
45 44
45 37
45 4
45 28
45 35
45 13
45 25
45 34
45 5
45 8
45 41
45 2
45 31
45 36
45 7
45 19
45 32
45 3
45 17
45 29
45 27
45 1
45 30
45 42
45 24
45 18
45 14
45 10
45 39
45 9
45 26
45 40
45 23
45 22
46 41
46 37
46 17
46 29
46 10
46 5
46 2
46 23
46 32
46 38
46 42
46 6
46 35
46 30
46 1
46 14
46 27
46 40
46 11
46 31
46 25
46 8
46 18
46 26
46 22
46 19
46 24
46 9
46 20
46 21
46 28
46 44
46 12
46 33
46 39
46 36
47 44
47 12
47 28
47 38
47 5
47 31
47 21
47 29
47 43
47 2
47 19
47 36
47 17
47 16
47 18
47 23
47 4
47 33
47 46
47 26
47 39
47 10
47 24
47 27
47 40
47 11
47 32
47 3
47 1
47 15
47 22
47 14
47 42
47 13
47 9
47 6
47 20
47 41
47 25
48 33
48 15
48 42
48 41
48 7
48 34
48 38
48 17
48 32
48 22
48 12
48 16
48 3
48 28
48 11
48 40
48 47
48 18
48 1
48 30
48 27
48 5
48 44
48 31
48 20
48 39
48 10
48 13
48 26
48 8
48 43
48 14
48 36
48 6
48 21
48 29
48 19
48 4
48 9
48 24
49 1
49 24
49 3
49 29
49 35
49 15
49 42
49 12
49 16
49 21
49 45
49 10
49 17
49 46
49 43
49 28
49 41
49 23
49 19
49 48
49 6
49 39
49 13
49 26
49 5
49 11
49 40
49 37
49 8
49 30
49 4
49 33
49 44
49 22
49 7
49 31
49 32
49 47
49 9
49 25
50 35
50 18
50 7
50 6
50 31
50 48
50 46
50 10
50 1
50 42
50 9
50 22
50 23
50 29
50 5
50 34
50 26
50 27
50 25
50 12
50 41
50 8
50 47
50 30
50 4
50 33
50 19
50 20
50 49
50 45
50 36
50 39
50 14
50 44
50 15
50 17
50 40
50 11
50 13
50 38
50 3
50 24
50 2
