p td 50 1100
2 1
3 1
3 2
4 2
4 1
5 4
5 1
5 2
6 5
6 3
6 1
6 4
6 2
7 4
7 3
7 5
7 6
7 1
7 2
8 6
8 2
8 4
8 3
8 5
8 1
9 5
9 1
9 7
9 6
9 2
9 4
9 8
9 3
10 7
10 9
10 8
10 2
10 5
10 4
10 6
10 1
11 10
11 4
11 5
11 8
11 2
11 7
12 9
12 4
12 3
12 2
12 6
12 10
12 11
12 5
12 7
13 4
13 1
13 12
13 9
13 11
13 10
13 8
13 5
13 6
13 2
13 7
14 3
14 9
14 8
14 4
14 10
14 5
14 11
14 7
14 13
14 12
14 1
14 6
14 2
15 7
15 11
15 14
15 12
15 9
15 5
15 13
15 4
15 10
15 2
16 11
16 13
16 1
16 14
16 3
16 8
16 10
16 12
16 7
16 5
16 6
16 4
16 15
16 9
17 3
17 11
17 6
17 7
17 14
17 16
17 9
17 5
17 1
17 12
17 8
17 13
18 7
18 2
18 4
18 3
18 6
18 14
18 5
18 9
18 11
18 10
18 12
18 15
18 1
18 8
18 16
18 13
18 17
19 1
19 6
19 7
19 10
19 9
19 18
19 5
19 12
19 3
19 14
19 15
19 13
19 11
19 16
19 4
19 8
19 17
20 1
20 4
20 10
20 19
20 15
20 2
20 17
20 12
20 9
20 8
20 11
20 7
20 5
20 3
20 13
20 6
21 9
21 10
21 18
21 8
21 11
21 13
21 14
21 5
21 7
21 19
21 6
21 15
21 1
21 20
21 4
21 12
21 2
21 3
22 5
22 10
22 16
22 8
22 11
22 7
22 9
22 17
22 21
22 12
22 2
22 15
22 14
22 1
22 6
22 4
22 20
22 19
22 18
22 13
23 21
23 5
23 6
23 10
23 19
23 20
23 14
23 15
23 3
23 13
23 22
23 7
23 16
23 18
23 12
23 8
23 9
23 11
23 1
24 21
24 5
24 9
24 17
24 8
24 22
24 15
24 6
24 2
24 4
24 1
24 18
24 23
24 19
24 3
24 11
24 20
24 16
24 14
24 13
24 7
24 10
24 12
25 9
25 2
25 4
25 20
25 14
25 18
25 11
25 12
25 21
25 6
25 13
25 16
25 5
25 23
25 15
25 8
25 24
25 7
25 3
25 17
26 25
26 15
26 7
26 5
26 14
26 3
26 10
26 21
26 12
26 1
26 11
26 9
26 2
26 8
26 4
26 17
26 20
26 13
26 18
26 6
26 22
26 24
27 17
27 12
27 9
27 14
27 25
27 10
27 20
27 15
27 13
27 4
27 19
27 6
27 2
27 22
27 11
27 5
27 7
27 16
27 18
27 1
27 3
27 21
27 23
27 26
27 24
28 16
28 14
28 24
28 2
28 13
28 26
28 21
28 15
28 23
28 8
28 17
28 12
28 18
28 3
28 20
28 7
28 19
28 10
28 9
28 6
28 11
28 1
28 5
29 14
29 16
29 13
29 8
29 9
29 27
29 19
29 18
29 6
29 1
29 28
29 4
29 20
29 7
29 11
29 12
29 5
29 3
29 24
29 25
29 10
29 17
29 22
29 21
29 23
30 21
30 3
30 16
30 6
30 24
30 25
30 5
30 11
30 9
30 29
30 15
30 28
30 12
30 2
30 14
30 4
30 7
30 26
30 19
30 1
30 27
30 10
30 18
30 22
30 8
30 23
31 30
31 13
31 2
31 15
31 17
31 5
31 3
31 19
31 7
31 23
31 24
31 6
31 1
31 4
31 26
31 12
31 28
31 25
31 18
31 10
31 22
31 8
31 9
31 27
31 20
31 21
32 12
32 3
32 10
32 25
32 8
32 17
32 13
32 11
32 18
32 26
32 16
32 5
32 7
32 1
32 30
32 2
32 31
32 28
32 24
32 29
32 22
32 15
32 27
32 4
32 20
32 23
32 6
32 9
32 14
33 15
33 21
33 5
33 2
33 22
33 1
33 16
33 31
33 20
33 18
33 6
33 17
33 9
33 10
33 29
33 13
33 7
33 4
33 23
33 25
33 12
33 24
33 11
33 8
33 14
33 19
33 28
33 3
34 28
34 33
34 20
34 12
34 29
34 18
34 25
34 6
34 23
34 22
34 3
34 26
34 11
34 24
34 21
34 19
34 9
34 17
34 14
34 27
34 1
34 30
34 13
34 10
34 15
34 31
34 2
34 16
34 5
35 19
35 13
35 29
35 34
35 30
35 10
35 5
35 22
35 3
35 15
35 7
35 28
35 12
35 31
35 2
35 8
35 25
35 9
35 1
35 24
35 18
35 16
35 33
35 23
35 14
35 21
35 17
35 6
35 26
35 27
36 22
36 3
36 11
36 15
36 10
36 30
36 25
36 32
36 24
36 19
36 35
36 6
36 8
36 21
36 7
36 14
36 27
36 12
36 29
36 5
36 34
36 31
36 2
36 4
36 20
36 1
36 17
36 16
36 28
36 13
37 8
37 17
37 33
37 6
37 10
37 16
37 19
37 24
37 7
37 13
37 18
37 14
37 1
37 30
37 34
37 5
37 11
37 27
37 26
37 28
37 2
37 9
37 12
37 3
37 32
37 29
37 20
37 36
37 15
37 25
37 35
37 4
37 23
37 22
37 21
38 23
38 32
38 16
38 27
38 20
38 13
38 7
38 24
38 12
38 4
38 11
38 30
38 26
38 31
38 25
38 15
38 17
38 29
38 14
38 36
38 37
38 8
38 21
38 35
38 6
38 34
38 5
38 18
38 33
38 22
38 3
38 28
38 10
38 2
38 9
38 1
39 21
39 37
39 38
39 27
39 8
39 13
39 15
39 18
39 24
39 26
39 28
39 3
39 1
39 14
39 16
39 20
39 5
39 34
39 23
39 36
39 7
39 12
39 25
39 32
39 6
39 35
39 2
39 31
39 33
39 4
39 19
39 22
39 11
39 10
39 30
39 17
39 9
40 13
40 27
40 12
40 15
40 6
40 17
40 3
40 31
40 8
40 1
40 34
40 30
40 23
40 28
40 2
40 37
40 26
40 18
40 38
40 9
40 25
40 14
40 7
40 36
40 22
40 35
40 32
40 5
40 19
40 24
40 21
40 4
40 10
40 39
40 29
40 16
40 11
41 12
41 11
41 37
41 27
41 18
41 40
41 39
41 26
41 29
41 4
41 5
41 10
41 8
41 23
41 15
41 31
41 2
41 22
41 35
41 6
41 20
41 32
41 3
41 34
41 25
41 13
41 14
41 28
41 30
41 1
41 38
41 9
41 7
41 36
41 33
41 21
41 19
41 24
42 26
42 10
42 36
42 14
42 39
42 24
42 22
42 32
42 31
42 4
42 38
42 29
42 17
42 11
42 9
42 27
42 13
42 21
42 19
42 6
42 35
42 33
42 34
42 5
42 3
42 23
42 20
42 25
42 28
42 37
42 15
42 2
42 7
42 12
42 41
42 40
42 18
42 30
42 1
43 24
43 32
43 23
43 22
43 36
43 25
43 35
43 16
43 1
43 29
43 9
43 12
43 31
43 13
43 42
43 10
43 30
43 17
43 19
43 18
43 5
43 34
43 7
43 40
43 11
43 15
43 41
43 2
43 8
43 37
43 3
43 28
43 38
43 4
43 33
43 20
43 6
43 14
44 6
44 8
44 42
44 5
44 29
44 37
44 12
44 25
44 31
44 15
44 7
44 18
44 32
44 4
44 34
44 2
44 41
44 23
44 9
44 38
44 19
44 14
44 43
44 1
44 30
44 3
44 24
44 26
44 39
44 11
44 40
44 28
44 21
44 20
44 33
44 22
44 35
44 36
45 7
45 22
45 29
45 4
45 1
45 24
45 34
45 23
45 42
45 40
45 18
45 10
45 39
45 16
45 3
45 32
45 5
45 2
45 31
45 15
45 44
45 28
45 17
45 43
45 14
45 13
45 19
45 41
45 12
45 6
45 20
45 26
45 33
45 9
45 38
45 37
45 11
45 25
45 36
46 21
46 15
46 13
46 35
46 43
46 42
46 3
46 45
46 18
46 5
46 28
46 30
46 38
46 2
46 19
46 20
46 6
46 37
46 8
46 34
46 12
46 40
46 11
46 27
46 23
46 10
46 39
46 22
46 17
46 4
46 33
46 1
46 26
46 44
46 14
46 36
46 24
46 29
47 42
47 1
47 45
47 31
47 43
47 3
47 24
47 36
47 40
47 14
47 41
47 26
47 15
47 44
47 4
47 27
47 22
47 37
47 8
47 29
47 16
47 19
47 23
47 20
47 34
47 5
47 13
47 39
47 32
47 12
47 38
47 9
47 25
47 21
47 6
47 35
47 11
47 17
47 46
47 2
47 7
47 33
47 28
48 9
48 8
48 45
48 34
48 30
48 43
48 20
48 18
48 32
48 15
48 42
48 33
48 25
48 44
48 46
48 17
48 47
48 2
48 4
48 36
48 7
48 10
48 39
48 35
48 3
48 27
48 1
48 14
48 11
48 26
48 29
48 28
48 19
48 13
48 12
48 16
48 22
48 21
48 38
48 37
48 5
49 23
49 18
49 41
49 38
49 37
49 16
49 36
49 4
49 29
49 22
49 26
49 24
49 43
49 32
49 15
49 11
49 40
49 19
49 10
49 39
49 27
49 42
49 13
49 2
49 31
49 34
49 5
49 47
49 7
49 46
49 17
49 3
49 9
49 8
49 45
49 33
49 28
49 14
49 20
49 25
49 35
49 12
49 44
49 1
50 39
50 41
50 37
50 48
50 28
50 8
50 15
50 40
50 24
50 42
50 13
50 11
50 22
50 6
50 35
50 32
50 34
50 5
50 21
50 25
50 12
50 38
50 9
50 46
50 17
50 7
50 20
50 49
50 23
50 1
50 30
50 4
50 33
50 43
50 2
50 31
50 44
50 47
