p td 50 1150
2 1
3 2
3 1
4 1
4 2
5 1
5 3
5 2
6 2
6 3
6 4
6 5
6 1
7 2
7 6
7 4
7 3
7 1
7 5
8 6
8 7
8 1
8 5
8 4
8 3
8 2
9 1
9 5
9 3
9 7
9 8
9 4
10 4
10 5
10 2
10 9
10 3
10 1
10 8
10 6
11 8
11 10
11 2
11 5
11 9
11 3
11 4
11 7
12 3
12 2
12 6
12 9
12 4
12 10
12 7
12 8
12 5
13 2
13 9
13 5
13 12
13 4
13 10
13 1
13 7
13 8
13 11
13 6
13 3
14 7
14 9
14 8
14 4
14 2
14 5
14 6
14 13
14 10
14 12
14 11
14 3
15 7
15 10
15 8
15 12
15 4
15 14
15 13
15 5
15 9
15 1
15 3
15 6
15 2
15 11
16 15
16 2
16 11
16 6
16 13
16 5
16 12
16 9
16 4
16 1
16 7
16 14
16 3
17 13
17 1
17 4
17 11
17 8
17 15
17 2
17 6
17 5
17 12
17 16
17 3
17 14
17 7
17 10
18 8
18 9
18 14
18 3
18 12
18 11
18 6
18 15
18 17
18 4
18 5
18 7
18 16
18 10
18 2
18 1
19 14
19 3
19 5
19 12
19 2
19 15
19 17
19 4
19 10
19 1
19 11
19 13
19 8
19 7
19 18
19 6
19 9
20 18
20 15
20 12
20 5
20 14
20 7
20 17
20 16
20 9
20 11
20 6
20 1
20 2
20 3
20 19
20 10
20 4
20 8
21 1
21 14
21 6
21 13
21 17
21 18
21 3
21 7
21 11
21 8
21 9
21 2
21 10
21 15
21 19
21 20
21 12
21 5
21 16
22 20
22 4
22 17
22 13
22 9
22 14
22 21
22 12
22 19
22 16
22 3
22 11
22 7
22 2
22 5
22 8
22 1
22 10
22 18
22 15
23 6
23 19
23 8
23 16
23 4
23 20
23 17
23 3
23 5
23 9
23 15
23 2
23 12
23 10
23 13
23 21
23 14
23 1
23 22
23 11
23 7
24 20
24 23
24 2
24 3
24 12
24 22
24 4
24 9
24 16
24 18
24 10
24 15
24 14
24 11
24 1
24 19
24 8
24 21
24 13
25 3
25 17
25 4
25 9
25 22
25 2
25 19
25 1
25 14
25 11
25 13
25 23
25 6
25 10
25 24
25 21
25 7
25 8
25 12
25 15
25 5
25 20
25 16
25 18
26 3
26 23
26 17
26 16
26 21
26 22
26 6
26 13
26 24
26 4
26 20
26 14
26 7
26 10
26 19
26 15
26 2
26 18
26 12
26 1
26 9
26 11
26 5
26 25
27 12
27 16
27 22
27 3
27 2
27 23
27 26
27 5
27 21
27 25
27 15
27 17
27 24
27 11
27 20
27 7
27 6
27 1
27 14
27 10
27 4
27 18
28 2
28 24
28 3
28 9
28 18
28 27
28 4
28 5
28 14
28 20
28 21
28 17
28 6
28 13
28 10
28 22
28 15
28 8
28 19
28 7
28 1
28 11
28 16
28 23
28 26
28 25
29 18
29 8
29 28
29 26
29 7
29 6
29 5
29 11
29 15
29 24
29 16
29 22
29 2
29 21
29 14
29 17
29 4
29 20
29 10
29 25
29 19
29 1
29 9
29 12
29 27
29 13
29 3
29 23
30 22
30 12
30 7
30 18
30 5
30 8
30 25
30 20
30 28
30 6
30 19
30 1
30 23
30 2
30 11
30 13
30 9
30 15
30 4
30 14
30 17
30 3
30 16
30 27
30 26
30 29
30 24
30 21
31 27
31 16
31 24
31 12
31 2
31 29
31 28
31 17
31 13
31 30
31 1
31 11
31 7
31 23
31 10
31 22
31 6
31 20
31 26
31 4
31 18
31 19
31 8
31 14
31 5
31 9
31 3
31 25
32 16
32 26
32 29
32 31
32 11
32 13
32 24
32 9
32 14
32 7
32 17
32 18
32 23
32 6
32 4
32 22
32 25
32 8
32 21
32 2
32 12
32 28
32 15
32 20
32 10
32 1
32 30
32 27
32 5
32 19
32 3
33 31
33 8
33 15
33 14
33 20
33 21
33 12
33 1
33 32
33 16
33 11
33 25
33 23
33 29
33 3
33 13
33 22
33 5
33 6
33 19
33 30
33 4
33 17
33 7
33 27
33 26
33 24
33 2
33 18
33 10
33 9
33 28
34 12
34 19
34 33
34 22
34 1
34 30
34 17
34 10
34 25
34 8
34 23
34 26
34 2
34 5
34 14
34 28
34 9
34 6
34 20
34 27
34 11
34 18
34 4
34 16
34 24
34 21
34 13
34 7
34 3
34 32
34 15
35 5
35 3
35 8
35 1
35 7
35 29
35 4
35 10
35 2
35 23
35 22
35 26
35 13
35 25
35 11
35 21
35 17
35 20
35 19
35 32
35 31
35 28
35 12
35 9
35 18
35 27
35 24
35 30
35 6
35 14
35 33
35 34
36 27
36 13
36 10
36 11
36 8
36 17
36 2
36 6
36 14
36 16
36 18
36 32
36 23
36 29
36 15
36 35
36 12
36 20
36 7
36 24
36 30
36 1
36 4
36 33
36 31
36 5
36 34
36 19
36 21
36 25
36 9
36 3
36 22
36 26
37 19
37 32
37 25
37 36
37 7
37 14
37 1
37 31
37 28
37 35
37 10
37 20
37 2
37 17
37 13
37 11
37 16
37 34
37 21
37 9
37 4
37 33
37 12
37 3
37 18
37 27
37 8
37 15
37 22
37 6
37 26
37 30
37 24
37 23
38 27
38 19
38 37
38 6
38 18
38 26
38 32
38 22
38 1
38 3
38 15
38 14
38 20
38 33
38 36
38 12
38 17
38 16
38 9
38 24
38 23
38 7
38 8
38 34
38 5
38 21
38 35
38 30
38 25
38 28
38 4
38 10
38 29
38 2
39 30
39 17
39 7
39 8
39 31
39 38
39 16
39 34
39 24
39 11
39 2
39 21
39 19
39 6
39 35
39 32
39 3
39 25
39 13
39 26
39 1
39 36
39 29
39 15
39 28
39 37
39 9
39 27
39 10
39 18
39 12
39 20
39 4
39 33
39 5
40 15
40 36
40 12
40 23
40 22
40 14
40 2
40 8
40 28
40 37
40 17
40 7
40 19
40 32
40 25
40 20
40 10
40 35
40 6
40 18
40 31
40 34
40 21
40 24
40 4
40 33
40 16
40 29
40 1
40 30
40 26
40 27
40 3
40 38
40 9
40 11
41 39
41 34
41 1
41 37
41 4
41 28
41 17
41 11
41 6
41 2
41 3
41 35
41 12
41 16
41 9
41 27
41 8
41 15
41 36
41 7
41 10
41 23
41 24
41 19
41 32
41 5
41 13
41 25
41 38
41 31
41 40
41 20
41 21
41 14
41 29
41 22
41 30
41 26
41 33
41 18
42 21
42 33
42 15
42 13
42 12
42 11
42 29
42 28
42 25
42 40
42 22
42 30
42 1
42 4
42 18
42 31
42 2
42 32
42 3
42 16
42 38
42 9
42 37
42 27
42 26
42 39
42 10
42 36
42 7
42 41
42 14
42 5
42 35
42 24
42 17
43 16
43 15
43 18
43 32
43 11
43 33
43 7
43 35
43 27
43 25
43 9
43 8
43 20
43 3
43 29
43 34
43 5
43 26
43 30
43 1
43 6
43 19
43 14
43 21
43 37
43 2
43 24
43 17
43 23
43 22
43 10
43 39
43 38
43 36
43 42
43 28
43 41
43 4
44 1
44 41
44 5
44 34
44 22
44 36
44 15
44 17
44 33
44 29
44 28
44 18
44 23
44 43
44 19
44 30
44 14
44 40
44 11
44 20
44 24
44 21
44 35
44 6
44 38
44 9
44 2
44 31
44 16
44 25
44 13
44 42
44 32
44 3
44 39
44 37
44 8
44 27
44 26
45 17
45 10
45 15
45 1
45 26
45 12
45 40
45 14
45 41
45 13
45 44
45 31
45 16
45 19
45 18
45 21
45 38
45 9
45 22
45 36
45 7
45 23
45 11
45 37
45 8
45 2
45 29
45 32
45 3
45 4
45 33
45 20
45 42
45 35
45 6
45 43
45 30
45 34
45 5
45 24
45 39
45 25
45 27
46 31
46 24
46 18
46 40
46 9
46 26
46 27
46 16
46 20
46 33
46 25
46 42
46 7
46 2
46 39
46 10
46 14
46 43
46 5
46 34
46 11
46 37
46 8
46 35
46 19
46 23
46 32
46 4
46 44
46 45
46 38
46 17
46 1
46 30
46 12
46 41
46 22
46 21
46 28
46 13
46 36
47 9
47 36
47 27
47 33
47 22
47 30
47 4
47 43
47 41
47 23
47 38
47 35
47 42
47 44
47 29
47 37
47 45
47 25
47 31
47 19
47 34
47 5
47 20
47 10
47 39
47 12
47 17
47 46
47 32
47 3
47 24
47 1
47 14
47 18
47 26
47 13
47 11
47 40
47 8
47 6
47 16
47 21
47 28
47 2
47 7
47 15
48 1
48 31
48 44
48 7
48 27
48 16
48 4
48 11
48 29
48 33
48 26
48 21
48 43
48 14
48 15
48 28
48 46
48 17
48 37
48 8
48 9
48 38
48 22
48 35
48 6
48 47
48 18
48 34
48 5
48 19
48 42
48 3
48 32
48 36
48 25
48 41
48 12
48 40
48 10
48 23
48 30
49 43
49 2
49 24
49 14
49 37
49 16
49 1
49 23
49 3
49 4
49 42
49 21
49 20
49 11
49 46
49 48
49 31
49 5
49 25
49 22
49 45
49 47
49 18
49 7
49 36
49 28
49 26
49 13
49 44
49 15
49 29
49 30
49 17
49 8
49 9
49 38
49 34
49 40
49 6
49 35
49 33
49 19
49 10
49 39
49 12
49 27
49 32
50 3
50 2
50 23
50 30
50 37
50 32
50 28
50 46
50 5
50 10
50 42
50 11
50 34
50 24
50 20
50 41
50 14
50 13
50 45
50 29
50 7
50 36
50 39
50 27
50 25
50 43
50 4
50 33
50 17
50 31
50 44
50 15
50 18
50 47
50 48
50 19
50 9
50 38
50 6
50 35
50 12
50 21
50 1
50 16
50 49
50 26
50 40
50 22
