p td 50 150
2 1
3 2
4 1
5 2
7 6
8 1
9 1
10 9
11 5
11 7
13 8
13 6
14 11
15 4
15 1
16 10
16 15
16 2
17 11
17 12
17 6
18 7
18 3
18 6
19 6
20 17
21 2
22 13
22 5
22 19
22 9
22 8
23 13
23 18
24 12
24 10
24 1
25 23
25 20
26 8
26 21
26 5
26 19
26 12
27 7
27 20
28 6
28 24
29 12
29 20
29 21
29 9
29 11
30 1
30 25
30 28
30 10
31 2
31 8
32 30
32 2
32 15
32 25
32 9
32 6
32 19
32 7
33 28
33 17
33 23
33 22
33 8
34 24
34 31
34 21
34 1
34 28
34 23
35 8
35 2
36 15
36 19
36 5
37 27
37 30
37 31
37 13
37 26
38 6
38 31
38 2
39 3
39 6
39 32
39 37
40 5
40 9
40 29
40 15
40 28
41 15
41 27
42 27
42 9
42 2
42 34
42 32
42 19
43 20
43 21
43 6
44 12
44 26
44 31
45 40
45 43
45 12
45 37
46 34
46 25
46 23
46 40
47 33
47 44
47 22
47 10
47 34
47 16
47 40
48 31
48 25
48 4
48 16
48 22
48 9
48 37
49 16
49 45
49 9
49 27
50 33
50 38
50 27
50 47
50 10
50 6
50 17
50 4
50 11
50 24
