p td 50 200
4 3
6 4
7 2
7 5
8 5
9 3
9 2
9 8
10 4
10 8
11 3
12 3
14 4
14 12
15 4
15 3
15 12
16 1
17 10
17 5
17 6
18 9
19 10
19 13
20 6
20 10
20 14
20 4
20 13
21 15
21 12
21 11
21 17
22 17
22 21
22 14
23 8
23 22
23 10
23 16
24 17
24 15
24 8
24 18
25 10
25 19
25 4
25 21
26 21
26 14
26 11
27 20
27 25
27 1
27 23
27 21
27 11
28 20
28 1
29 25
29 20
29 13
29 24
29 27
29 14
30 25
31 25
31 14
31 4
32 29
32 27
32 8
32 26
32 2
32 28
32 15
32 23
32 4
32 18
33 28
33 30
33 20
33 1
34 27
34 6
34 18
34 22
34 15
34 24
35 18
35 23
35 16
35 34
35 21
35 2
35 1
35 6
35 26
36 2
36 8
36 4
36 30
36 32
37 1
37 17
37 5
37 29
37 9
38 37
38 20
38 12
38 14
39 28
39 16
39 29
39 24
39 38
39 12
39 9
39 10
39 13
39 21
39 8
39 7
39 20
40 22
40 15
40 23
40 36
40 30
40 4
40 14
40 1
40 16
40 29
40 38
41 16
41 34
41 35
41 22
42 16
42 30
42 40
42 23
43 35
43 21
43 18
43 37
44 43
44 9
44 34
44 11
44 42
44 29
44 19
44 15
44 41
44 31
45 11
45 16
45 18
45 31
45 32
45 12
45 36
46 31
46 13
46 45
46 6
46 23
47 44
47 32
47 45
47 9
47 16
47 4
47 30
47 17
48 5
48 24
48 36
48 10
48 45
48 7
48 28
49 4
49 2
49 10
49 18
49 26
50 5
50 26
50 1
50 4
50 33
50 36
50 49
50 8
50 21
50 15
