p td 50 250
2 1
3 2
4 1
6 1
7 1
8 2
8 6
8 1
8 3
9 5
10 2
10 8
10 9
11 1
11 7
12 1
12 8
12 3
12 5
13 5
13 4
14 11
14 6
14 7
15 14
15 11
17 4
17 14
17 2
17 15
17 10
18 17
18 12
18 7
18 14
18 2
19 4
20 10
20 14
20 8
20 5
20 15
20 9
20 16
21 7
21 8
22 2
22 9
22 5
22 16
22 11
23 1
23 4
23 17
23 7
23 15
23 11
23 6
24 9
24 20
24 7
25 21
25 15
25 18
25 12
25 11
25 6
25 9
25 22
25 23
26 21
26 22
26 3
27 12
27 24
27 1
27 5
27 16
28 2
28 11
28 9
28 7
28 6
28 5
29 24
29 3
29 8
29 21
29 5
29 18
29 9
29 22
30 28
30 15
30 2
30 10
30 14
30 20
31 8
31 18
31 24
31 29
31 15
31 28
32 9
32 18
32 20
32 25
33 17
33 4
33 9
33 28
33 3
33 29
33 16
33 11
33 27
33 1
33 14
34 30
34 4
34 5
34 22
34 28
34 3
34 8
35 6
35 2
35 10
35 3
35 17
36 23
36 14
36 15
36 4
36 24
36 25
36 18
37 20
37 28
37 34
37 21
37 4
38 19
38 4
38 16
38 8
38 21
38 23
38 1
38 35
39 38
39 8
39 26
39 24
39 31
40 11
40 37
40 19
40 9
40 22
40 27
40 30
40 38
40 29
41 4
41 32
41 36
41 38
41 27
41 40
41 34
41 3
42 21
42 18
42 5
42 24
42 3
42 16
42 10
42 22
42 25
43 1
43 27
43 4
43 30
43 6
43 33
43 7
44 12
44 31
44 32
44 2
44 20
44 10
44 29
44 11
45 11
45 41
45 28
45 15
45 32
46 24
46 8
46 19
46 45
46 39
46 10
46 23
46 1
46 16
46 3
46 30
47 6
47 2
47 30
47 38
47 13
47 8
48 6
48 23
48 14
48 41
48 15
48 37
48 16
48 44
49 15
49 41
49 22
49 9
49 23
49 35
49 6
49 32
49 45
49 40
49 46
49 29
49 5
49 30
49 37
49 8
50 19
50 44
50 38
50 24
50 3
50 35
50 48
