p td 50 300
5 3
7 6
7 5
8 5
8 6
8 1
9 5
9 1
9 2
10 7
10 8
11 10
11 3
12 7
12 8
12 3
12 5
12 11
12 10
12 6
13 1
13 11
13 8
14 12
14 2
15 13
15 8
15 10
15 4
16 13
16 14
16 15
16 10
17 7
17 3
18 14
18 7
18 15
18 2
19 17
19 18
19 5
19 10
20 15
20 1
20 3
20 16
20 11
21 1
21 9
21 7
21 17
21 19
21 6
21 5
21 18
21 3
22 15
22 13
22 9
22 19
22 5
22 7
22 3
23 12
23 18
23 9
23 2
23 16
23 19
24 1
24 19
24 9
25 16
26 8
26 12
26 20
26 11
26 14
27 22
27 23
27 20
27 13
27 1
27 5
27 18
27 15
28 6
28 8
28 17
28 12
28 3
28 14
28 13
28 11
29 22
29 13
29 19
29 23
29 7
29 9
29 18
29 8
29 1
30 19
30 28
30 12
30 22
30 9
30 11
30 14
30 1
31 14
31 23
31 27
31 1
31 16
31 20
31 11
31 28
31 22
31 18
32 10
32 8
32 16
32 15
32 4
33 1
33 21
33 30
33 17
33 2
33 28
33 13
33 29
34 26
34 31
34 3
34 9
34 12
34 25
34 6
34 4
35 12
35 32
35 7
35 3
35 29
35 16
35 18
35 5
35 30
35 13
35 26
36 23
36 6
36 26
36 13
36 20
36 11
36 27
36 15
36 5
36 8
37 15
37 2
37 26
37 13
37 12
37 25
37 1
37 27
37 33
38 9
38 4
38 19
38 8
38 34
38 15
38 10
38 29
38 3
38 11
39 12
39 31
39 13
39 33
39 29
39 27
39 1
40 6
40 8
40 12
40 39
40 35
40 15
40 37
40 31
40 30
41 33
41 40
41 28
41 2
41 36
41 32
41 6
41 26
42 9
42 31
42 17
42 1
42 14
42 20
42 33
42 37
42 24
43 3
43 27
43 1
43 34
43 29
43 22
43 26
43 10
43 39
43 15
43 24
44 27
44 36
44 24
44 6
44 19
44 12
44 25
45 18
45 7
45 42
45 32
45 43
45 17
45 11
45 24
45 36
45 41
46 2
46 17
46 45
46 22
46 8
46 31
46 24
46 10
46 36
46 38
46 12
47 31
47 39
47 24
47 45
47 25
47 43
47 4
47 27
47 14
48 31
48 27
48 8
48 21
48 20
48 44
48 34
48 5
48 32
48 23
48 36
48 10
48 29
48 22
48 40
49 43
49 20
49 13
49 10
49 5
49 18
49 14
49 1
49 40
49 25
49 19
49 45
49 37
50 15
50 24
50 18
50 27
50 40
50 23
50 7
50 42
