p td 50 350
3 1
5 1
6 3
6 4
7 5
8 3
8 6
9 8
11 1
11 2
11 5
11 6
12 4
12 2
13 4
13 3
13 5
13 8
13 6
14 1
14 7
14 9
14 4
14 11
15 11
15 3
15 1
16 4
16 15
16 13
16 12
16 3
16 14
17 6
17 14
17 9
17 2
17 15
18 1
18 9
18 6
19 12
19 2
19 3
19 11
19 16
19 6
20 8
20 9
20 18
20 2
21 2
21 15
21 7
21 4
21 12
21 14
21 18
21 13
22 9
22 18
22 14
22 1
22 10
23 9
23 11
23 2
23 20
23 8
23 13
24 23
24 8
24 17
24 16
24 6
24 5
25 10
25 19
25 14
25 20
25 17
25 18
25 8
25 24
25 5
25 21
25 1
25 2
25 16
26 24
26 5
26 4
27 21
27 11
27 9
27 25
27 12
27 18
27 15
27 2
27 23
27 1
28 9
28 16
28 7
28 20
28 21
28 4
28 18
28 19
28 6
29 25
29 4
29 14
29 27
29 6
29 7
29 12
29 10
29 13
29 24
29 2
30 28
30 14
30 20
30 7
30 8
30 17
30 25
31 19
31 13
31 3
31 15
31 11
31 24
31 22
32 27
32 21
32 10
32 29
32 16
32 6
32 2
33 20
33 12
33 19
33 3
33 5
33 21
33 23
33 10
34 26
34 16
34 23
34 1
34 27
34 25
34 13
34 11
34 20
34 19
34 6
34 10
34 28
34 9
35 7
35 26
35 23
35 6
35 16
35 30
35 1
35 14
35 32
35 3
35 2
35 4
35 33
35 20
35 24
36 26
36 31
36 16
36 34
36 8
36 27
36 14
36 23
36 22
37 1
37 8
37 16
37 3
37 12
37 25
37 31
37 18
37 33
38 20
38 18
38 29
38 32
38 36
38 30
39 11
39 36
39 13
39 10
39 23
39 34
39 3
39 16
39 1
39 30
39 17
39 18
39 9
39 38
40 25
40 31
40 14
40 34
40 3
40 21
40 11
40 33
40 38
40 30
40 17
40 13
41 27
41 14
41 17
41 38
41 32
41 19
41 8
41 21
42 5
42 24
42 38
42 28
42 23
42 4
42 17
42 27
43 20
43 11
43 31
43 5
43 19
43 41
43 4
43 37
43 16
43 32
43 3
43 25
43 38
43 10
43 39
44 42
44 27
44 15
44 8
44 3
44 10
44 23
44 36
44 9
44 6
44 41
44 25
44 20
44 18
45 16
45 24
45 3
45 44
45 19
45 30
45 13
45 41
45 2
45 6
45 35
45 23
46 22
46 39
46 29
46 14
46 40
46 12
46 25
46 31
46 28
46 43
47 20
47 23
47 41
47 12
47 25
47 18
47 44
47 4
47 33
47 28
47 34
47 42
47 13
47 27
47 9
48 17
48 10
48 15
48 11
48 42
48 16
48 19
48 32
48 35
48 27
48 44
48 31
49 2
49 10
49 13
49 45
49 19
49 3
49 42
49 47
49 4
49 7
49 46
49 33
50 20
50 2
50 16
50 45
50 19
50 6
50 10
50 36
50 40
50 37
50 46
50 30
50 38
50 13
