p td 50 400
3 1
5 1
6 4
7 3
7 6
8 7
8 2
8 3
9 6
10 5
10 7
10 1
11 10
11 5
11 7
12 4
12 8
12 9
13 3
13 2
13 5
15 6
15 7
15 14
15 11
15 10
16 10
16 9
16 2
16 14
17 11
17 2
17 3
17 13
17 10
18 8
18 13
18 14
18 16
19 15
19 8
19 17
19 6
19 10
19 14
20 17
20 8
20 16
20 9
20 4
20 3
20 10
21 14
21 7
21 20
21 12
21 18
21 2
22 14
22 7
22 9
22 16
22 13
22 10
23 4
23 2
23 12
23 11
23 5
23 10
23 16
23 21
23 1
23 14
23 22
24 15
24 23
24 9
24 3
24 18
25 7
25 10
25 20
25 18
25 15
26 4
26 20
26 2
26 11
26 23
26 22
26 3
26 18
27 15
27 21
27 14
27 23
27 11
27 7
27 6
28 13
28 22
28 9
28 18
28 5
28 25
28 12
28 1
28 10
28 2
28 15
29 5
29 18
29 12
29 7
29 27
29 21
29 11
29 24
30 5
30 24
30 1
30 4
30 28
30 16
30 6
30 18
30 13
31 29
31 24
31 16
31 21
31 27
31 1
31 9
31 8
31 7
31 13
31 15
31 12
31 11
31 19
32 5
32 8
32 12
32 27
32 1
32 15
32 23
32 6
32 20
32 7
32 18
32 17
33 19
33 15
33 4
33 31
33 5
33 14
33 17
33 27
33 10
33 7
34 33
34 2
34 24
34 26
34 25
34 29
34 22
35 14
35 6
35 20
35 16
35 1
35 8
35 18
35 22
35 12
36 7
36 18
36 10
36 6
36 35
36 1
36 4
36 33
36 32
37 12
37 29
37 35
37 8
37 1
37 30
37 23
37 36
37 27
37 25
37 31
37 11
38 13
38 14
38 35
38 33
38 36
38 23
38 16
38 32
38 3
38 5
38 34
38 21
38 12
38 17
38 18
38 15
38 1
39 21
39 2
39 29
39 1
39 27
39 24
39 38
39 8
39 4
39 33
39 17
40 10
40 37
40 25
40 33
40 15
40 31
40 38
40 9
40 29
40 32
40 35
40 6
40 21
40 12
40 7
40 20
40 24
41 22
41 5
41 11
41 24
41 7
41 33
41 17
41 10
41 39
41 26
41 35
41 8
41 18
42 5
42 21
42 2
42 12
42 25
42 33
42 30
42 19
42 14
42 37
42 8
42 35
42 22
42 26
43 16
43 7
43 41
43 2
43 9
43 30
43 1
43 10
43 34
43 5
43 11
43 24
43 19
43 20
43 13
43 33
43 4
43 32
43 3
44 33
44 16
44 23
44 36
44 40
44 1
44 31
44 6
44 8
44 13
44 26
44 25
44 17
44 12
44 41
44 28
45 20
45 9
45 32
45 21
45 31
45 2
45 4
45 23
45 30
45 7
45 11
45 17
45 5
45 26
45 16
45 42
45 14
45 12
45 19
45 39
45 10
46 8
46 26
46 39
46 24
46 33
46 2
46 28
46 17
46 19
46 6
46 35
46 21
46 42
47 43
47 22
47 25
47 10
47 32
47 16
47 45
47 8
47 2
47 41
47 42
47 13
47 4
47 30
47 35
48 9
48 36
48 10
48 46
48 38
48 25
48 1
48 40
48 11
48 2
48 45
48 3
48 31
49 30
49 25
49 7
49 36
49 23
49 3
49 37
49 2
49 41
49 5
49 44
49 18
49 6
50 45
50 25
50 6
50 36
50 46
50 33
50 21
50 47
50 12
50 9
50 8
50 37
50 24
50 30
50 31
50 2
50 14
