p td 80 160
3 1
6 4
7 1
8 2
13 6
14 11
14 7
16 9
19 17
19 6
20 16
21 14
22 7
22 12
25 1
28 18
28 5
30 22
30 26
30 11
31 19
32 19
32 30
36 13
38 20
39 30
39 16
39 3
39 36
39 24
40 8
40 11
40 7
41 16
41 30
41 34
41 26
41 2
42 3
42 37
42 15
43 23
43 38
43 42
43 16
43 29
43 33
44 9
44 37
45 42
45 3
45 7
45 35
46 34
46 16
46 7
46 30
46 43
47 41
47 35
47 25
48 40
48 16
48 7
48 46
49 34
49 12
49 18
49 44
50 10
50 5
50 29
50 19
51 11
51 17
52 31
52 42
53 23
53 31
53 34
53 37
54 40
54 30
54 23
55 43
56 44
56 12
57 29
57 15
57 52
58 50
58 43
59 13
59 41
60 6
60 32
60 54
61 18
61 54
61 59
61 48
61 35
62 28
62 10
63 9
63 53
63 4
64 51
64 54
64 34
66 30
67 28
67 33
67 60
67 14
68 8
68 32
69 32
69 34
69 43
69 17
69 22
69 61
70 55
70 2
71 3
71 67
72 2
72 14
73 26
73 27
73 25
74 5
74 48
74 16
74 73
74 46
75 1
75 48
75 35
75 23
76 57
77 6
78 51
78 25
78 68
78 56
78 28
78 57
79 50
79 11
79 42
79 29
79 44
79 31
79 67
80 68
80 67
80 69
80 13
