p td 170 340
12 10
14 10
14 7
22 3
27 12
29 21
30 29
33 5
35 4
37 24
37 18
38 29
38 1
38 4
42 13
42 29
43 3
43 18
43 22
44 35
46 22
46 3
46 41
48 24
48 35
49 27
50 45
50 32
51 41
52 37
52 10
52 25
53 9
54 45
54 29
56 35
56 9
57 22
57 41
58 7
58 30
59 31
61 16
61 1
67 29
67 60
68 32
68 16
68 42
70 41
70 4
70 47
71 38
71 46
71 29
72 30
72 25
72 6
74 6
74 4
75 9
75 52
76 18
77 41
77 33
78 69
78 26
78 35
78 2
79 54
79 69
80 18
80 27
82 16
82 1
82 6
82 24
82 37
84 41
85 65
85 73
86 28
86 23
88 8
89 4
89 28
91 62
91 61
91 83
92 76
92 91
92 41
92 29
93 45
93 12
93 67
94 26
94 80
95 74
95 79
95 25
96 77
96 26
96 13
97 47
97 82
98 10
98 75
99 86
100 13
100 12
100 82
100 86
101 38
101 12
101 62
101 59
104 99
104 33
106 105
106 91
106 49
108 49
108 73
108 90
109 50
110 49
111 9
111 10
111 103
112 13
112 16
112 22
112 101
112 36
113 31
113 94
114 65
114 13
114 18
114 109
114 19
114 47
115 29
116 69
116 28
116 115
117 105
117 91
117 64
117 33
117 2
117 4
117 43
118 46
118 51
118 93
119 9
119 18
120 58
121 64
122 19
122 41
122 29
123 83
123 63
123 32
124 46
124 72
125 123
125 42
125 36
125 34
126 30
126 98
126 21
126 14
127 91
127 99
127 125
127 42
127 10
127 97
128 118
129 62
130 91
130 3
130 126
130 41
130 59
131 4
131 36
131 23
132 59
132 120
132 126
133 71
133 13
133 80
133 54
133 29
133 55
134 6
134 10
134 127
135 123
135 97
135 85
135 3
136 56
136 4
136 126
136 87
136 98
138 9
138 36
139 59
139 110
139 135
139 53
140 46
140 7
140 93
140 133
140 118
140 102
140 45
141 90
141 20
141 102
141 60
142 75
142 19
142 7
142 72
143 88
143 85
143 106
143 129
144 31
144 106
145 109
145 7
145 69
146 58
146 124
146 46
146 49
147 50
147 13
147 97
147 34
147 1
147 100
147 134
149 110
149 83
149 76
149 107
149 131
149 48
150 82
150 14
150 51
150 77
151 56
151 86
152 126
152 108
153 6
153 134
153 89
154 52
154 139
154 153
154 114
154 45
154 84
154 134
154 42
155 57
155 80
155 14
156 121
157 11
157 17
158 118
158 14
158 115
158 56
158 30
158 72
159 63
159 41
159 69
159 95
160 122
160 81
161 112
161 122
161 66
161 149
161 51
161 11
161 147
162 59
162 22
162 51
162 42
162 120
162 89
163 43
163 120
164 136
164 114
164 99
164 113
164 40
165 32
165 3
165 87
165 13
165 115
166 48
166 20
166 146
167 63
167 91
167 165
168 111
168 22
168 157
169 114
169 145
170 54
170 168
170 155
170 139
170 70
170 44
