p td 220 440
8 4
18 3
18 4
21 7
24 2
24 14
26 1
28 17
29 9
30 23
30 25
33 20
33 24
35 23
41 1
41 11
43 13
44 32
46 23
47 43
48 9
50 12
51 35
51 4
53 31
53 2
54 16
56 28
57 55
59 36
59 8
59 46
60 12
60 37
61 45
62 5
63 50
63 37
64 16
65 16
65 8
67 36
67 28
68 40
70 55
70 38
72 14
73 24
73 14
73 41
74 26
75 22
76 38
77 26
77 49
78 9
78 13
78 29
80 69
80 19
80 6
80 67
81 71
81 17
84 83
85 5
85 38
86 66
86 11
87 83
87 76
87 54
88 2
89 4
90 82
91 12
91 32
91 21
91 66
92 67
93 87
93 11
94 15
94 14
96 17
96 19
99 75
99 63
99 8
99 34
100 45
101 77
101 31
102 82
103 72
104 51
104 54
104 13
104 84
104 9
105 90
105 35
105 32
105 43
106 98
106 30
106 69
106 40
106 9
106 87
108 71
108 64
108 78
110 34
110 24
110 65
111 91
112 89
112 19
112 61
112 4
113 33
114 22
114 50
114 106
115 114
117 34
118 51
118 18
119 32
119 90
119 5
120 49
121 61
122 39
122 97
122 22
122 49
123 32
123 54
124 55
125 45
125 7
125 8
125 81
125 53
126 106
127 55
127 100
127 73
127 32
128 52
129 75
130 129
130 12
130 90
130 111
130 83
131 79
131 70
132 40
132 114
132 62
133 17
133 55
133 64
135 93
135 97
135 76
136 135
136 2
136 69
137 120
138 83
138 61
139 10
139 79
139 99
139 110
140 11
140 20
141 33
141 64
141 5
141 135
142 126
142 24
143 15
143 115
143 24
143 59
143 40
143 4
144 49
144 139
144 107
144 133
144 24
145 138
145 81
145 144
146 21
146 48
146 69
147 73
148 30
148 18
148 99
148 6
148 80
148 119
149 77
149 51
149 47
150 41
150 35
151 114
151 130
152 125
152 22
153 52
154 122
154 56
154 54
154 49
154 100
155 147
155 62
155 68
155 40
155 57
157 28
158 140
159 95
159 151
159 8
159 155
159 62
160 31
160 105
161 34
161 57
161 63
161 154
161 84
161 91
161 156
161 49
161 41
161 68
161 61
162 114
163 35
163 153
163 25
164 142
164 134
164 62
164 120
164 70
165 34
165 132
165 67
166 35
166 148
166 120
166 84
166 132
166 101
167 102
167 132
168 23
168 68
168 134
169 56
169 23
171 80
171 77
172 151
172 171
172 133
172 38
173 5
173 165
174 146
174 123
174 97
174 169
175 153
175 166
176 71
177 117
177 122
177 79
178 111
178 134
178 56
178 32
179 4
179 136
179 55
179 68
180 71
180 63
180 117
181 119
181 80
181 34
181 116
181 172
181 20
182 67
182 40
182 27
182 108
183 81
183 19
183 110
183 168
184 10
185 130
185 128
185 51
185 129
186 59
186 166
187 177
187 81
187 181
187 33
188 160
188 175
188 72
188 46
189 94
190 150
190 142
191 24
192 101
193 189
193 95
193 131
193 128
194 11
194 109
194 143
196 106
196 81
196 53
196 130
197 196
197 195
197 100
197 33
197 7
198 60
198 22
198 130
198 78
198 79
198 28
199 100
199 161
199 176
199 79
200 31
200 129
200 74
201 43
201 191
201 163
202 19
202 188
203 116
203 73
203 34
204 127
204 57
204 74
204 138
204 143
204 121
205 132
205 1
205 161
205 122
206 86
206 58
206 52
206 83
207 37
207 173
207 54
208 75
209 78
209 34
209 186
209 150
209 76
209 206
210 174
210 6
210 158
210 141
210 53
210 73
210 99
211 71
211 199
211 130
211 18
211 20
211 113
212 65
212 56
212 36
212 110
212 32
212 185
213 69
214 16
214 7
215 151
216 145
216 72
216 215
216 84
217 67
217 144
217 125
217 3
218 207
218 33
219 196
219 146
219 88
219 89
220 143
220 132
220 175
