p td 230 460
12 9
13 5
14 5
20 11
25 1
26 14
28 6
31 28
32 10
35 4
36 18
37 1
37 17
38 22
39 20
39 4
41 27
42 8
44 17
45 36
46 22
49 15
50 2
51 26
54 34
55 1
55 10
56 52
57 19
59 47
59 45
59 55
60 17
60 47
61 20
62 16
63 61
63 45
64 14
68 13
69 6
69 31
69 33
70 63
71 31
72 23
72 29
72 52
72 8
73 2
75 41
76 30
76 75
77 33
77 74
77 63
80 11
81 80
82 24
83 53
83 52
84 62
85 2
88 64
89 18
90 40
91 75
92 3
92 65
92 13
93 71
94 52
94 24
94 50
95 19
96 43
96 81
97 82
97 63
98 7
98 62
99 48
99 41
99 77
100 13
100 43
101 100
101 54
102 8
102 80
103 46
103 45
103 13
104 67
105 76
105 28
106 48
107 64
107 100
108 102
110 55
111 66
111 108
111 3
112 105
112 10
112 101
113 76
113 14
113 69
113 111
114 37
114 99
114 68
114 103
115 43
115 83
116 59
117 103
117 58
117 48
117 100
118 61
119 9
119 95
120 24
120 4
121 14
122 93
122 19
122 86
123 81
123 114
123 18
123 96
124 76
124 57
125 99
125 2
125 50
126 62
127 57
128 47
129 81
130 112
130 110
130 3
131 74
131 35
131 118
132 74
132 87
132 123
132 56
133 123
134 65
134 107
134 17
134 32
135 98
135 101
135 44
136 56
136 13
137 38
137 100
139 112
139 76
139 115
140 43
140 127
140 9
141 50
141 132
141 15
142 5
142 43
143 57
143 50
143 56
146 8
146 11
146 68
147 22
149 109
149 11
149 17
149 29
150 32
150 85
150 74
150 9
150 30
150 114
151 79
151 132
152 72
152 82
153 42
153 69
154 71
154 46
155 104
155 102
155 80
156 125
156 104
157 98
157 4
158 40
158 116
159 97
159 91
159 76
159 80
160 20
160 125
160 50
160 128
161 74
161 131
161 129
163 4
163 48
163 49
163 11
163 115
163 133
164 97
165 69
165 148
165 150
165 88
165 156
165 143
166 45
166 160
166 3
167 27
167 166
168 136
169 12
169 151
170 140
171 60
171 141
172 54
172 164
172 44
172 1
172 139
172 24
173 24
173 67
173 113
173 121
174 133
174 63
175 149
175 110
175 87
175 163
175 67
177 30
177 147
177 69
177 26
178 3
178 168
178 38
178 18
178 31
178 153
179 24
179 91
179 33
179 69
179 138
180 74
180 152
181 68
181 81
181 75
181 36
181 130
182 115
183 100
183 92
183 88
183 124
184 142
184 68
184 74
185 131
185 166
185 125
185 8
186 169
186 142
186 64
186 47
186 59
187 142
188 105
188 3
188 138
189 34
189 59
189 150
189 175
189 179
189 10
189 186
189 18
189 161
189 133
190 157
190 18
191 117
191 73
191 128
192 135
192 22
192 82
192 163
192 11
192 168
192 171
193 134
194 100
194 14
194 127
194 153
194 173
194 132
195 16
195 5
195 18
195 118
196 135
197 151
197 136
197 176
197 59
197 75
198 37
198 136
198 64
199 84
200 150
200 27
201 7
201 40
201 79
201 25
202 114
202 162
203 37
203 16
203 87
204 134
204 99
204 10
204 32
204 65
205 192
206 88
206 77
206 6
206 167
207 160
207 135
207 122
207 9
208 105
208 164
208 139
209 197
209 65
209 78
209 116
209 44
209 122
210 179
211 198
211 35
211 104
211 160
212 169
212 105
212 124
212 58
213 21
213 201
213 149
213 77
213 51
214 120
214 117
214 85
214 7
215 6
215 16
215 60
215 109
216 178
216 46
216 31
216 183
216 125
216 132
216 2
217 122
217 174
218 6
219 1
219 64
219 33
220 124
221 11
221 44
221 41
221 22
221 3
221 17
221 69
222 101
222 168
222 144
222 120
222 158
222 184
222 28
222 48
223 31
223 61
223 22
223 41
223 171
223 73
223 59
224 111
225 37
225 126
225 166
225 101
225 132
226 183
226 107
226 89
227 22
228 131
228 1
229 83
229 77
229 147
230 128
230 187
230 66
230 158
