p td 260 520
30 25
32 5
36 2
39 28
45 21
45 4
46 37
46 44
49 40
49 19
49 34
52 41
54 11
54 20
55 7
55 6
55 13
55 12
56 28
59 38
60 24
62 44
62 40
64 10
65 4
66 54
67 56
67 45
68 55
70 54
70 52
70 36
71 40
73 26
74 46
76 36
77 26
78 38
78 7
78 17
79 32
79 45
80 10
80 13
80 70
80 72
81 16
83 12
83 52
83 28
85 9
86 76
86 53
87 75
88 54
89 47
89 45
92 29
93 28
93 33
94 17
94 77
94 33
95 59
96 90
96 43
96 42
97 9
97 16
99 65
100 60
100 2
100 23
101 47
102 27
104 65
105 41
105 73
106 42
107 40
107 9
108 98
109 80
109 60
110 15
110 104
110 53
111 77
112 34
112 25
112 12
113 91
113 67
113 31
114 12
115 11
115 68
115 98
116 9
116 110
117 52
117 16
118 87
119 106
119 56
120 83
122 39
123 87
123 66
123 21
124 14
124 10
124 25
125 54
125 123
126 2
127 30
127 27
127 84
128 81
128 34
129 99
129 34
130 129
130 55
131 3
131 6
133 128
133 111
133 8
134 125
134 27
134 79
135 123
135 86
135 48
135 36
136 83
136 72
137 76
137 12
138 41
139 63
139 112
140 87
140 1
140 112
140 111
140 110
140 75
141 92
141 90
141 123
143 88
143 20
144 59
144 57
144 23
144 74
145 5
145 85
147 7
148 105
148 109
149 127
149 80
149 69
151 140
151 4
151 119
151 89
152 100
154 149
155 139
155 143
156 107
156 43
156 17
156 13
157 108
158 84
158 136
159 144
159 5
159 11
160 103
160 111
161 76
162 60
163 136
163 46
164 111
164 151
165 30
165 115
165 153
165 91
166 55
166 29
167 101
167 131
168 3
168 82
168 89
169 93
170 140
170 11
170 37
170 6
170 57
170 53
171 138
171 68
172 119
172 24
172 63
172 111
173 126
173 161
174 112
175 131
175 89
176 51
177 7
177 88
177 8
177 138
179 72
179 10
179 38
179 108
179 165
180 92
180 174
181 6
181 95
181 152
181 150
182 5
182 1
182 14
183 34
183 123
183 145
183 181
183 12
184 138
184 116
184 44
184 161
185 2
185 88
186 170
186 28
186 179
186 91
186 78
188 159
188 44
188 84
190 164
190 18
190 5
191 127
191 23
192 25
192 177
192 86
192 128
193 92
195 103
195 45
196 65
196 21
196 167
196 192
196 75
196 179
197 49
197 73
198 119
198 132
198 134
199 15
199 76
199 179
199 7
200 146
200 33
200 129
200 195
201 73
201 109
201 83
201 77
202 86
202 96
202 169
203 77
203 41
203 5
204 77
204 153
205 98
205 154
206 44
206 73
206 69
207 109
207 94
207 111
207 12
208 107
208 75
208 148
208 60
208 112
209 49
209 52
210 36
210 133
210 131
211 21
211 95
211 43
212 174
212 82
212 26
212 119
213 82
214 169
214 210
214 114
214 81
214 84
215 54
216 14
216 38
216 29
216 109
216 178
216 76
217 195
217 204
217 152
217 8
218 198
218 8
218 37
219 123
219 31
219 125
220 86
220 184
220 193
220 50
220 157
221 127
221 144
221 33
221 63
222 59
222 214
222 97
223 128
223 83
223 71
224 97
225 95
225 67
225 119
225 208
226 199
226 128
226 118
226 40
226 164
226 203
227 215
228 52
228 163
228 166
229 11
229 115
230 212
230 144
230 130
230 107
231 59
231 199
231 68
231 224
231 61
231 122
231 78
232 157
232 114
232 192
233 81
233 2
233 108
234 163
234 106
234 109
234 107
235 185
235 112
235 162
235 84
236 115
236 109
236 220
237 195
237 1
237 222
237 8
237 24
237 193
237 100
238 137
238 109
238 66
238 207
238 19
238 229
238 125
238 107
239 68
239 135
239 62
239 231
239 23
239 167
239 89
239 12
239 202
239 46
240 50
240 178
240 45
241 161
241 152
242 185
242 12
242 104
242 143
242 22
243 78
243 32
244 218
244 233
244 176
245 20
245 32
245 77
245 132
245 92
245 222
246 144
246 20
246 213
246 18
246 107
246 26
246 207
247 241
247 138
247 5
248 34
248 112
248 86
248 105
248 173
248 201
249 36
249 136
249 237
249 57
250 235
250 145
250 153
250 55
251 197
251 172
251 87
252 199
252 80
252 76
252 219
252 79
253 208
253 171
253 88
254 14
254 67
254 150
254 4
255 177
255 103
255 241
255 139
256 76
256 225
256 19
256 45
257 230
257 180
257 179
257 41
258 198
258 43
258 142
259 145
259 74
259 191
259 46
260 179
260 155
260 102
260 256
