p td 270 540
2 1
9 4
17 2
18 14
19 2
28 6
29 27
30 12
32 18
33 1
35 5
37 13
38 2
39 4
40 23
47 36
48 43
50 5
51 10
51 16
55 27
56 10
56 42
57 52
60 58
61 53
63 44
63 29
64 17
65 5
67 8
68 66
68 7
69 68
70 42
70 53
70 22
71 47
72 16
73 17
74 21
75 26
75 48
76 8
76 54
76 3
77 27
77 39
82 74
82 26
84 34
85 83
85 84
87 22
88 12
88 53
88 40
89 19
91 79
91 13
91 46
91 4
92 21
92 64
92 76
92 11
94 18
96 28
96 46
96 5
97 79
98 49
98 41
99 19
99 72
99 10
99 23
101 6
101 96
101 73
101 67
101 91
102 59
104 35
104 43
104 2
105 74
105 103
106 53
106 91
106 51
106 16
107 6
109 74
109 79
109 1
110 11
110 44
110 35
111 82
112 95
113 85
113 8
114 107
114 77
114 60
115 42
116 25
117 3
118 51
120 111
121 23
121 64
122 83
123 75
123 77
124 79
124 60
124 57
124 5
125 26
126 89
127 12
127 96
127 8
128 60
128 18
129 85
129 97
129 101
130 21
130 15
131 52
131 20
131 50
132 62
132 75
133 45
133 65
135 67
135 2
136 39
136 19
136 18
136 50
137 36
138 105
138 70
139 73
139 4
139 53
140 132
140 64
140 68
141 88
141 62
141 109
142 78
142 93
143 30
143 55
143 39
144 78
145 62
145 92
145 19
146 87
147 83
147 98
147 72
148 48
148 6
149 5
149 85
149 108
149 30
150 76
150 146
152 56
152 128
153 74
153 137
153 16
154 61
154 151
155 135
155 95
155 21
156 121
156 153
156 31
157 80
157 130
158 30
159 45
159 43
159 152
160 132
160 71
161 9
161 104
161 55
162 2
162 106
163 152
163 85
163 55
163 118
164 88
164 47
164 26
165 88
166 85
166 110
166 2
167 2
167 133
167 120
168 26
168 76
169 44
169 15
169 62
169 47
170 156
170 46
172 115
172 98
172 107
173 120
173 166
175 145
175 90
175 113
175 74
176 98
176 12
176 152
178 65
178 48
178 16
178 98
179 83
179 42
179 25
179 114
180 101
180 80
180 118
181 49
181 29
181 163
181 34
181 78
182 5
182 58
182 27
182 64
183 103
183 88
183 29
184 58
184 106
185 182
185 133
185 144
185 118
186 175
186 100
187 110
187 73
187 177
187 165
188 90
188 114
189 88
189 48
189 117
189 108
189 174
190 37
191 29
191 119
191 75
191 7
192 71
192 141
193 55
194 93
195 43
195 97
195 80
196 27
196 1
196 164
197 6
197 162
197 129
197 61
198 77
198 162
200 68
200 156
200 92
201 142
201 50
201 183
201 87
203 144
203 18
203 192
204 33
204 163
204 65
204 86
205 135
205 168
205 149
205 165
206 203
206 106
206 168
206 48
206 153
206 202
206 115
206 193
207 117
207 53
207 205
207 57
208 117
208 88
209 59
210 70
210 33
210 12
210 6
211 84
212 198
212 153
212 193
212 201
212 41
213 133
213 14
213 155
213 38
214 129
214 105
215 133
215 25
215 134
215 186
215 152
216 81
216 213
218 147
218 90
219 47
219 176
220 92
220 192
221 88
221 70
221 13
222 160
222 62
223 36
223 162
223 146
223 194
223 39
224 21
224 95
225 33
225 95
225 145
225 158
225 100
225 35
226 201
226 180
226 16
226 202
226 5
227 182
227 104
228 147
229 52
229 48
229 102
229 168
229 225
229 107
229 99
230 220
230 218
230 223
231 197
231 22
231 14
232 149
232 166
232 134
232 126
233 126
233 129
233 117
233 27
233 216
233 153
234 138
234 145
234 132
234 5
235 144
235 228
235 215
235 161
235 57
235 134
235 37
235 219
236 161
236 194
236 88
237 195
237 155
237 105
237 40
237 42
237 29
238 161
238 117
238 73
238 3
239 90
239 22
240 115
241 83
241 60
242 171
242 149
242 56
242 135
243 120
243 90
244 47
244 189
244 243
244 230
244 24
244 115
245 26
245 87
245 1
245 128
246 90
246 218
246 245
246 11
246 180
246 96
246 217
246 85
247 73
247 75
247 61
247 74
247 39
247 195
248 164
248 155
248 197
249 75
249 79
249 104
249 83
249 54
249 236
250 223
250 162
250 6
250 69
250 238
250 82
251 83
252 236
252 12
252 216
253 117
253 160
253 205
253 62
254 155
254 42
254 215
254 183
255 16
255 5
255 157
256 148
256 215
256 67
257 256
258 124
258 113
259 38
260 124
260 244
260 122
260 209
261 81
261 112
262 128
262 182
262 192
263 130
263 174
263 43
264 222
264 43
264 199
264 121
265 82
265 259
266 220
266 216
266 147
266 241
266 58
267 144
267 79
267 15
268 163
268 135
269 102
269 240
270 66
