p td 280 560
8 1
12 11
12 3
13 5
17 11
19 11
24 22
27 9
27 15
28 1
29 9
32 7
33 18
37 29
41 11
42 13
42 15
45 23
46 17
46 2
48 40
49 15
50 27
50 39
51 34
53 38
54 48
57 7
57 47
58 19
58 47
60 11
61 13
65 56
67 61
71 5
71 15
73 32
74 3
74 71
75 73
76 51
77 59
77 49
78 49
78 7
79 47
83 81
83 73
85 31
85 59
85 55
86 57
87 28
87 77
89 1
91 70
91 1
91 3
91 51
92 70
92 90
92 58
93 87
95 66
96 34
96 24
96 76
97 44
98 52
98 60
98 31
98 5
98 22
100 82
101 62
101 17
102 20
102 46
103 21
104 34
106 100
108 97
109 99
109 100
110 67
110 14
111 97
112 99
114 5
114 41
114 112
115 109
115 104
117 87
118 13
118 23
120 57
120 37
121 83
122 24
123 27
124 78
124 42
125 105
126 60
126 12
127 47
127 116
131 85
132 88
132 39
133 2
134 72
135 31
135 70
136 86
136 74
137 125
138 1
138 85
140 72
140 97
140 53
140 48
140 5
141 43
142 1
142 109
142 73
142 112
142 110
144 122
145 37
145 9
145 143
146 141
147 84
147 22
147 4
147 81
148 29
149 38
149 142
149 89
150 13
151 145
151 87
151 102
152 24
152 61
152 140
152 14
153 92
153 75
154 38
154 60
156 125
156 33
157 40
157 152
157 115
158 141
158 131
158 108
158 56
158 148
159 94
159 120
160 124
160 151
161 102
161 31
162 99
163 160
163 7
163 115
165 72
165 128
165 58
165 6
165 104
166 163
166 143
166 127
166 68
166 145
166 1
167 126
167 27
168 24
168 102
168 127
168 36
169 69
169 94
170 98
170 139
170 69
170 13
171 81
171 123
171 100
171 121
172 82
172 9
173 23
173 127
174 113
174 167
174 123
174 8
175 13
175 119
176 25
176 158
176 53
176 82
176 29
177 61
178 175
178 123
178 138
180 27
180 108
180 138
180 137
180 24
181 159
182 38
183 45
183 10
184 11
184 35
185 39
185 73
187 118
187 149
187 136
189 96
189 41
189 154
189 110
189 136
190 178
190 15
190 101
190 21
191 126
192 122
192 42
193 131
194 167
194 130
194 98
195 51
195 76
195 151
195 65
196 20
196 174
196 91
196 181
196 82
196 54
196 2
196 63
196 113
197 15
197 80
197 177
198 75
198 91
198 89
199 77
200 6
201 154
201 3
201 94
203 50
205 11
205 27
205 53
205 130
205 195
206 22
206 191
206 8
206 166
207 105
207 99
207 67
208 103
208 10
208 50
208 123
209 17
210 98
210 126
210 194
210 199
210 50
211 134
211 192
211 142
211 148
212 123
212 127
212 150
213 103
213 168
213 138
213 165
213 153
213 119
214 141
214 90
215 95
216 2
216 176
216 137
217 15
217 85
217 150
217 189
218 187
218 47
218 134
218 207
218 129
219 217
220 22
220 54
220 128
220 20
221 126
221 197
221 142
221 105
221 209
222 5
222 18
222 89
222 172
223 62
223 127
224 137
224 153
225 6
225 87
226 117
226 185
226 154
226 109
226 71
226 201
226 22
227 90
227 105
227 104
227 18
227 84
227 89
227 151
228 30
229 141
229 194
229 162
229 5
230 41
230 121
231 221
231 77
231 62
231 205
231 133
231 63
232 45
232 37
232 70
232 109
232 147
233 170
234 94
234 170
234 163
234 165
234 154
235 59
235 160
235 203
235 187
236 217
236 193
236 69
237 46
237 96
237 168
237 214
238 112
238 44
239 153
240 143
241 216
241 211
241 24
241 89
241 152
241 82
241 124
242 195
242 99
242 103
242 100
243 211
243 147
244 164
244 142
244 65
244 91
244 143
244 44
244 59
245 181
245 5
247 33
247 198
247 94
247 132
248 120
248 104
248 134
249 14
249 161
249 164
250 169
250 53
250 79
251 15
251 241
252 122
252 46
253 169
253 47
253 168
253 129
254 75
254 146
254 20
254 63
254 128
254 8
255 170
255 168
256 180
256 250
256 136
257 241
257 82
257 225
257 53
257 229
257 48
258 114
258 200
258 68
258 210
258 41
258 106
258 35
258 89
258 128
258 108
259 125
259 90
259 243
259 249
260 44
260 118
260 157
260 69
261 31
261 112
261 117
261 260
261 37
262 2
262 238
262 46
262 221
263 162
263 93
264 36
264 147
265 73
265 127
265 201
265 45
265 174
266 8
267 204
268 151
268 81
268 10
268 87
268 165
268 248
268 43
269 152
269 107
269 55
269 196
269 7
270 137
270 87
270 146
270 263
270 106
270 251
270 105
271 229
271 160
271 33
271 38
271 32
272 132
272 141
272 19
273 75
273 245
273 134
274 58
274 72
274 256
274 185
274 272
274 56
274 4
275 266
275 156
275 88
275 231
275 50
276 93
276 13
276 44
277 67
277 122
277 17
278 227
278 191
278 157
278 118
278 155
279 115
279 203
279 168
280 42
280 41
280 106
