p td 100 200
9 5
13 5
14 10
16 3
16 12
17 8
18 5
20 6
20 10
22 2
26 2
26 14
27 19
29 22
29 5
30 20
30 12
30 26
31 19
31 7
31 8
32 10
32 9
34 19
35 10
37 14
37 23
38 37
40 27
40 34
40 8
40 13
40 6
41 5
41 26
42 39
44 35
44 43
45 13
45 40
46 33
47 1
47 43
47 22
47 35
47 5
48 7
48 20
48 35
50 10
51 43
51 4
52 41
53 2
54 22
54 41
55 37
55 13
56 43
56 38
57 47
58 55
58 47
58 2
59 30
59 42
60 20
60 2
60 15
60 14
61 20
61 36
62 9
63 31
63 5
63 60
63 28
63 20
64 55
64 37
65 40
65 30
67 28
67 31
67 52
67 65
67 7
67 33
67 1
67 47
68 54
68 50
68 59
69 21
69 40
70 33
70 62
71 43
71 42
72 57
72 34
72 21
73 11
73 68
74 18
74 45
74 13
75 5
75 46
75 69
75 67
76 41
76 53
76 64
76 43
76 61
76 35
77 21
77 17
78 72
78 26
79 15
79 6
79 58
79 20
79 30
79 31
80 22
80 5
80 56
80 17
80 21
80 12
81 13
81 61
81 25
82 11
82 61
83 16
83 15
84 79
84 68
84 60
84 44
84 80
84 74
85 10
86 63
86 61
86 58
86 59
87 38
88 49
89 36
89 23
90 16
90 12
90 50
90 34
91 18
91 6
91 46
92 53
92 55
92 57
93 7
93 73
93 35
93 84
93 65
94 48
94 8
94 13
94 65
94 89
94 51
95 43
96 25
96 71
96 1
97 29
97 96
97 48
97 36
98 9
98 32
98 43
98 91
99 66
99 70
99 55
99 48
99 46
99 34
100 69
100 66
100 78
100 6
100 84
100 50
