p td 130 260
7 2
14 11
20 10
21 1
22 4
22 12
24 5
25 10
26 15
27 18
29 9
30 29
30 25
33 10
33 7
34 8
34 27
36 35
36 4
37 15
38 13
39 15
39 2
40 38
40 39
40 19
40 37
41 37
41 14
41 39
41 21
42 7
42 32
43 37
43 39
44 2
45 7
45 41
46 24
47 5
48 17
48 26
48 13
49 38
49 1
49 44
51 11
51 10
53 3
53 44
54 28
54 52
54 49
54 11
54 16
55 13
59 43
61 46
61 9
62 18
63 21
63 7
64 5
64 32
64 51
64 20
65 63
65 19
66 37
66 8
67 7
68 2
68 42
69 68
69 58
70 55
70 46
70 60
71 55
71 37
71 63
72 11
73 32
73 53
74 28
74 17
74 27
75 54
75 10
75 7
75 57
76 54
76 18
76 64
77 59
77 41
77 22
77 57
78 76
78 74
79 21
80 74
80 64
80 13
80 28
81 78
81 60
81 8
82 31
82 7
82 15
83 74
84 59
84 14
84 36
85 75
85 71
85 84
85 48
86 18
86 80
88 62
88 18
89 32
90 57
90 60
91 5
91 71
91 53
91 51
92 63
92 13
92 74
93 3
93 79
93 32
93 80
95 13
95 68
96 57
96 60
96 32
96 35
97 5
97 49
97 74
97 3
98 52
98 63
99 8
99 6
100 22
100 38
100 92
101 26
101 10
101 27
101 59
101 54
101 15
102 45
103 10
103 80
103 22
103 26
104 19
104 52
104 10
105 20
105 92
105 42
106 57
107 43
107 94
107 29
108 11
108 97
108 65
109 102
109 5
109 12
109 88
111 42
111 71
111 91
111 104
111 9
112 109
112 42
112 71
112 97
112 27
112 93
112 95
113 67
113 81
113 85
113 46
113 103
113 43
114 87
114 71
115 114
115 8
115 99
116 113
117 99
117 41
117 49
118 61
118 35
119 2
119 18
119 111
119 25
119 24
120 26
120 21
120 107
121 64
121 84
121 35
122 68
122 38
122 25
122 17
123 79
123 93
124 110
124 65
124 87
124 48
124 28
125 39
125 2
125 12
126 14
126 31
126 109
126 110
126 85
126 107
127 118
127 6
127 49
127 89
128 93
128 81
128 42
128 112
128 12
129 24
129 46
129 2
129 58
129 91
130 81
130 69
130 24
130 102
