p td 140 280
9 8
11 1
16 5
16 12
17 6
17 3
18 9
22 18
24 23
24 6
25 13
26 23
28 21
28 15
29 24
29 14
30 23
31 16
31 14
33 22
34 19
34 7
34 13
35 11
35 29
36 12
37 4
39 24
39 30
39 20
40 35
40 34
42 17
44 36
46 5
47 7
47 31
49 40
50 3
51 10
51 45
52 7
52 17
53 50
54 34
55 37
55 23
55 49
55 28
58 41
58 30
59 51
60 32
60 25
60 26
61 37
61 27
62 2
62 13
63 15
64 22
64 15
64 45
65 43
66 55
66 45
66 18
67 26
67 10
67 1
68 4
68 6
68 44
69 6
69 20
69 56
70 14
71 69
73 54
73 26
73 59
74 18
74 58
75 23
75 42
76 60
77 65
77 60
78 70
78 37
78 72
79 1
80 16
80 56
80 32
80 45
81 58
81 34
81 13
81 30
81 74
81 35
83 35
83 59
84 24
84 82
84 25
84 51
85 64
85 77
86 3
86 56
86 66
86 74
86 41
87 36
87 14
87 1
89 21
91 75
92 74
92 83
92 18
92 80
93 71
93 11
93 35
93 67
94 64
94 23
95 36
95 10
95 39
96 16
97 80
97 66
98 28
98 77
99 33
99 21
99 57
100 78
100 19
101 50
101 63
101 55
102 41
102 7
102 18
102 78
103 34
103 100
104 42
104 31
104 89
104 1
105 37
105 78
106 98
106 9
106 97
106 29
106 3
107 64
107 58
107 5
107 46
108 59
108 35
109 51
109 101
109 104
109 69
110 5
110 84
110 15
110 67
111 89
111 24
111 37
112 80
112 21
112 74
112 61
113 79
113 91
113 32
114 8
114 46
114 52
115 109
115 45
115 90
116 34
116 77
116 4
116 48
117 41
117 24
118 32
118 88
118 7
119 96
119 12
119 77
120 114
120 17
120 29
120 35
121 75
121 67
121 105
121 32
121 55
122 6
122 50
122 100
123 54
123 35
123 1
123 20
124 11
124 17
124 73
124 40
124 107
125 79
125 39
125 120
125 16
125 21
126 79
126 54
126 10
126 21
126 37
127 69
127 63
127 99
128 91
128 8
129 16
129 95
130 52
130 39
130 116
131 69
131 41
131 119
131 92
132 121
132 83
132 44
132 40
132 11
132 125
132 8
132 104
133 28
133 49
134 30
134 28
134 106
134 53
134 66
135 109
135 44
135 92
136 67
136 83
136 59
136 76
136 8
137 70
138 72
138 14
139 99
139 36
140 43
140 42
