p td 150 300
15 13
18 1
19 7
20 8
22 18
23 6
26 22
27 6
30 27
30 7
30 23
34 12
34 3
36 27
37 11
38 35
40 18
42 40
43 32
49 38
50 43
51 35
52 42
53 33
53 35
54 40
54 23
55 15
57 44
57 46
58 51
59 5
59 2
60 39
60 18
60 44
61 20
61 27
61 39
61 60
62 37
63 49
63 39
64 5
64 9
64 29
65 2
65 7
65 3
65 22
68 41
68 31
69 46
69 43
69 27
69 34
70 16
70 40
71 19
71 47
71 38
72 27
72 34
72 71
73 68
73 60
74 66
74 53
74 3
75 41
76 65
77 48
77 74
78 75
78 70
79 29
79 67
80 57
80 12
81 60
81 64
84 54
84 73
84 34
84 62
84 30
85 71
85 17
86 4
87 56
87 10
87 40
88 39
88 75
89 57
89 56
90 1
90 56
90 46
90 38
91 47
91 68
91 70
92 51
92 43
92 59
93 12
93 24
93 26
94 37
95 18
96 26
98 74
98 63
99 68
99 6
99 50
100 32
101 82
102 79
102 81
102 69
102 33
103 17
103 31
103 81
103 23
104 71
105 100
105 99
105 95
105 28
105 70
106 91
106 19
106 11
106 20
106 72
107 97
109 98
109 33
109 35
110 25
110 5
110 69
110 36
110 19
111 57
111 24
111 51
111 90
111 3
111 17
111 43
112 28
112 77
112 52
113 44
113 74
113 87
114 90
115 23
115 80
117 79
117 105
117 53
118 69
118 61
118 14
118 89
118 64
119 72
119 24
119 29
120 112
120 91
120 94
120 42
120 16
120 119
121 27
121 31
121 95
121 99
122 99
122 69
122 109
123 25
123 74
123 73
124 101
124 20
124 44
125 26
125 5
125 31
126 69
126 52
126 9
126 87
127 82
127 24
127 103
127 42
128 80
128 84
129 5
129 75
129 12
130 39
130 19
131 40
131 32
131 44
131 57
131 77
131 28
131 114
132 36
132 87
132 115
133 105
133 122
133 124
133 82
134 47
135 120
135 69
135 31
135 130
135 91
136 117
136 17
136 124
136 55
136 41
136 92
137 82
137 89
137 78
137 104
138 51
138 83
138 61
138 9
138 79
138 39
138 41
139 13
139 16
139 133
139 63
139 37
139 57
140 14
140 106
140 101
140 34
140 116
140 129
140 96
141 109
141 124
141 104
142 94
142 2
142 87
142 79
142 82
143 36
143 57
143 95
143 48
145 18
145 116
145 87
146 126
146 2
146 71
146 109
146 14
146 75
147 82
147 121
147 98
147 62
148 66
148 74
148 102
148 37
148 128
148 124
149 97
149 15
149 52
149 91
149 124
150 133
150 63
150 33
