p td 160 320
6 4
7 6
8 3
9 7
19 10
19 6
21 9
22 1
25 1
27 19
27 20
28 13
28 15
31 7
32 6
33 30
33 19
34 18
38 36
39 7
40 39
40 21
40 5
42 24
42 32
43 27
44 20
45 17
46 42
48 9
48 1
49 11
50 34
51 9
51 2
51 38
52 28
52 21
52 35
53 19
55 18
57 54
58 54
58 13
58 4
58 43
59 56
59 20
60 22
61 47
63 21
63 4
64 46
65 11
67 42
68 5
69 2
70 41
70 21
71 47
71 2
71 46
71 3
72 15
72 16
72 44
72 70
73 20
74 30
74 20
75 70
75 16
76 22
77 71
78 77
78 6
79 39
79 6
80 76
80 47
80 17
81 43
82 71
82 75
82 54
83 17
83 31
83 41
83 10
84 62
84 56
84 69
84 21
85 83
86 9
88 14
88 35
88 16
88 65
89 23
92 44
93 36
94 37
94 71
95 34
95 28
95 48
96 49
96 14
96 78
96 41
97 87
97 31
98 80
98 50
98 73
98 30
99 30
99 32
99 19
99 66
99 70
100 34
100 61
101 52
101 22
102 95
102 35
102 89
102 1
103 67
104 20
105 51
105 65
105 92
105 82
105 48
105 99
106 46
106 53
106 68
106 18
106 39
107 24
107 90
107 105
108 106
109 76
110 76
110 61
110 108
110 79
111 19
111 100
111 85
111 105
112 1
112 80
113 105
113 11
114 51
114 70
115 71
115 46
115 68
116 2
116 13
116 88
116 37
117 103
117 81
118 114
118 3
118 29
119 15
120 103
120 84
120 45
121 32
121 4
122 51
122 6
122 117
122 101
122 22
122 2
123 102
124 15
124 86
124 75
124 17
125 102
125 28
126 105
126 107
126 59
126 17
126 26
127 120
127 56
128 45
128 16
128 49
128 95
129 77
129 63
130 98
131 124
131 83
132 63
132 17
133 24
133 49
133 101
134 102
135 110
136 52
136 15
136 100
136 38
136 127
136 97
137 41
137 73
137 63
137 37
137 11
137 122
137 109
137 5
138 96
138 72
139 52
139 105
139 60
139 8
140 115
140 14
140 20
140 33
141 31
141 104
142 57
142 20
142 81
142 38
143 54
144 15
144 135
145 16
145 8
145 89
146 103
146 125
146 46
146 87
146 76
146 44
146 122
146 109
147 28
148 34
148 39
148 40
148 101
149 60
149 20
149 79
149 58
149 139
150 34
150 88
150 44
151 96
151 4
151 59
151 77
152 67
152 89
152 40
152 122
153 6
153 5
154 73
154 152
154 123
154 2
154 37
154 117
154 51
154 120
154 49
154 23
155 16
155 69
155 17
155 71
155 12
155 115
156 141
156 16
156 98
156 155
157 140
157 116
157 85
158 17
158 30
158 10
158 36
158 21
159 8
159 34
159 6
160 89
160 9
160 52
160 108
160 103
160 16
