p td 99 297
10 4
10 9
12 6
13 2
14 9
15 13
17 1
20 10
20 3
20 5
22 18
22 8
23 7
24 2
24 11
25 1
25 13
26 16
26 14
27 13
28 8
28 10
28 20
28 7
29 10
30 26
31 11
31 4
32 5
32 3
32 30
32 19
34 9
34 15
36 2
36 25
36 26
36 4
36 17
37 36
39 36
39 23
39 38
40 4
40 15
40 14
40 37
41 31
41 39
42 37
42 35
42 20
43 25
44 15
44 25
45 9
45 35
45 32
46 20
46 15
47 2
47 4
47 22
47 1
48 16
49 32
49 39
49 13
49 1
50 21
50 19
50 30
51 34
51 39
51 26
51 24
52 8
52 13
52 26
52 27
53 21
53 47
54 15
54 47
55 41
55 6
56 49
56 43
56 27
56 14
57 46
57 23
57 45
58 51
58 31
58 54
58 20
58 37
58 14
60 37
60 52
60 59
60 20
60 25
61 47
61 11
62 22
62 58
62 51
62 25
62 41
63 51
63 29
63 48
63 22
64 14
64 20
64 17
65 16
65 25
65 20
65 6
66 6
66 58
66 52
67 10
67 14
67 25
67 38
67 64
67 7
67 46
68 39
69 60
69 56
69 19
70 48
70 12
70 47
70 23
70 66
70 2
70 67
70 41
71 21
71 40
71 38
71 32
72 35
72 48
72 7
73 23
73 30
73 38
73 16
73 18
73 60
73 6
73 66
73 1
74 40
74 41
74 15
74 57
74 33
74 22
75 48
76 31
76 66
76 29
77 44
77 55
77 72
77 7
77 43
77 19
78 75
78 58
79 11
79 20
79 67
79 39
79 65
79 12
79 68
79 73
80 48
80 68
80 60
80 66
80 23
80 63
80 11
81 53
81 44
81 16
81 60
81 39
82 67
82 79
82 8
82 21
83 11
83 28
83 2
83 46
83 27
83 57
83 70
83 68
84 36
84 71
84 78
84 74
84 15
84 57
84 55
84 46
85 24
85 23
85 7
85 39
85 15
85 67
85 19
85 1
85 81
86 44
86 52
86 38
86 23
87 63
87 16
87 66
87 45
87 43
88 34
89 56
89 45
89 31
89 18
90 76
90 36
90 56
90 78
90 42
91 35
91 48
91 5
91 39
92 84
92 51
92 26
92 78
92 42
92 55
92 1
93 5
93 85
93 17
93 21
94 62
94 54
94 25
94 43
94 82
94 37
94 63
94 42
95 85
95 52
95 22
95 16
95 41
96 24
96 7
97 3
97 22
98 47
98 59
98 32
98 31
98 96
98 36
98 49
98 81
98 65
98 13
98 78
99 33
99 91
99 30
99 43
99 5
99 75
99 10
99 67
