p td 42 126
5 3
5 2
6 5
8 3
8 2
8 6
9 7
9 3
10 7
11 7
11 9
12 3
13 10
13 4
14 5
16 13
16 9
16 8
16 11
17 9
17 10
17 6
17 8
17 15
18 7
18 1
19 9
19 1
20 14
21 4
21 14
21 12
21 15
21 8
21 3
21 6
21 19
22 20
24 14
24 5
25 4
25 12
25 1
26 7
26 24
27 24
27 14
28 13
28 16
28 6
28 1
28 22
29 17
29 4
29 8
29 16
29 1
30 3
30 22
30 28
30 8
31 1
31 5
31 4
31 24
32 9
32 26
32 3
32 28
32 20
33 13
33 32
33 15
33 2
33 12
33 1
33 27
33 23
33 10
34 24
34 3
34 13
34 5
35 9
35 19
35 25
35 21
35 13
36 19
36 15
36 26
36 11
36 22
36 33
36 20
37 31
37 6
37 2
38 16
38 32
38 12
39 20
39 13
39 26
39 10
39 38
39 9
39 21
40 14
40 29
40 13
40 28
40 22
40 24
41 12
41 28
41 30
41 4
41 11
41 32
41 18
41 31
42 11
42 32
42 14
42 21
