p td 43 129
5 4
6 2
6 4
6 1
7 5
9 2
10 9
10 6
10 5
10 8
11 5
12 4
12 2
13 7
13 8
13 11
13 4
16 4
16 5
16 9
17 9
18 4
18 1
21 8
21 15
21 2
22 6
22 21
22 12
22 15
22 2
22 9
22 18
22 16
22 17
23 15
23 4
24 5
24 19
24 11
25 21
26 23
26 24
27 12
27 4
27 9
27 24
27 23
27 2
28 12
28 22
28 9
28 14
28 17
29 24
29 8
29 4
29 23
30 14
30 24
30 23
30 8
30 28
30 15
30 7
31 9
31 3
31 2
31 20
31 14
33 22
33 3
33 17
33 14
33 19
33 32
34 17
34 28
34 27
34 14
35 6
35 27
35 30
35 17
35 21
35 24
36 24
36 2
37 27
37 26
37 9
37 25
37 20
37 6
37 28
38 1
38 32
38 15
38 5
38 24
39 29
39 26
39 12
39 25
39 32
39 31
39 11
39 24
40 35
40 36
40 5
40 18
40 27
40 12
40 16
40 3
40 19
41 28
41 21
41 26
42 35
42 26
42 32
42 15
42 11
43 22
43 20
43 37
43 32
