p td 44 132
6 4
7 3
8 4
9 7
10 6
12 9
12 6
13 5
13 7
15 9
15 12
15 5
16 9
17 3
17 6
19 16
19 12
19 10
19 17
20 3
20 11
21 13
21 16
21 18
21 2
21 10
22 7
22 8
22 4
23 19
23 2
23 9
23 17
24 5
24 23
24 2
25 12
25 17
26 5
26 13
27 12
28 14
28 25
28 21
29 20
29 11
29 3
29 26
29 6
29 18
30 26
30 1
30 2
30 29
30 3
30 5
31 2
31 22
31 13
32 21
32 30
32 11
32 31
32 26
33 4
33 32
33 27
34 11
34 7
34 28
34 2
34 22
35 13
35 20
35 5
35 34
36 32
36 11
36 22
36 23
37 16
37 24
37 8
37 20
37 31
37 19
38 37
38 16
38 35
38 18
38 28
38 14
39 29
39 14
39 15
39 28
39 22
39 38
39 4
39 33
39 8
40 14
40 11
40 36
40 29
40 16
40 5
41 24
41 30
41 36
41 38
42 41
42 16
42 1
42 24
43 21
43 31
43 7
43 1
44 19
44 20
44 13
44 34
44 21
44 8
44 38
44 17
44 10
44 23
44 11
44 37
44 42
