p td 45 135
6 4
9 6
10 1
10 4
10 2
11 8
11 4
12 9
12 8
12 7
12 11
13 2
13 11
13 7
14 7
15 4
16 15
16 10
18 12
18 15
19 5
19 8
20 10
20 14
20 8
20 2
21 20
21 18
21 1
22 21
22 11
22 9
23 7
23 5
23 6
23 15
24 17
25 23
25 5
25 1
25 19
26 2
26 22
26 5
27 21
27 24
28 4
28 5
28 12
28 27
28 24
28 16
28 9
28 15
29 23
29 6
29 17
29 20
29 7
30 1
30 21
30 17
31 4
31 25
31 13
31 22
32 9
32 19
32 14
32 23
33 16
34 29
34 30
34 22
34 31
34 24
35 5
35 18
35 20
35 34
35 8
35 6
36 25
36 3
36 15
36 9
36 4
36 8
36 34
37 27
37 1
37 29
37 20
38 22
38 30
39 37
39 10
39 35
39 22
39 3
39 8
39 6
39 30
40 4
40 26
40 9
40 34
40 25
40 24
40 28
40 3
41 18
41 13
41 20
41 34
41 37
41 24
41 30
42 4
42 30
43 24
43 6
43 26
44 39
44 4
44 42
44 31
44 10
45 12
45 36
45 27
45 14
45 9
45 29
45 26
