p td 46 138
5 1
5 2
6 5
7 1
7 2
8 4
10 5
12 8
12 3
13 12
13 5
16 6
16 11
17 5
17 9
17 1
20 4
21 20
21 13
21 1
22 7
22 6
22 11
22 4
22 17
23 14
23 2
23 21
23 19
23 12
24 14
24 23
24 19
25 7
25 8
26 11
27 15
27 6
27 19
27 8
28 22
28 4
28 25
29 13
29 10
29 22
29 9
29 25
29 12
29 16
30 22
30 2
30 17
31 10
31 15
31 28
31 20
31 29
32 24
32 18
32 20
33 12
33 9
33 15
33 5
33 11
34 28
34 8
34 16
34 13
34 14
35 14
35 17
35 4
35 10
35 25
35 11
35 22
36 2
37 9
37 34
37 10
37 36
37 33
37 12
38 22
39 36
39 4
39 31
39 18
40 16
40 17
40 36
40 22
40 5
40 33
40 25
40 12
41 4
41 8
41 5
41 2
42 29
42 22
42 26
42 28
42 7
43 39
43 26
43 33
43 28
43 10
43 27
43 6
44 10
44 26
44 27
44 9
44 5
44 31
44 18
44 6
44 42
44 29
45 35
45 28
45 7
45 8
45 25
45 38
45 39
45 37
45 24
46 2
46 41
46 4
46 43
46 37
