p td 47 141
5 1
5 4
6 1
6 2
8 6
10 7
13 7
14 7
15 11
15 6
16 10
16 13
16 15
16 7
17 13
17 8
17 14
17 12
17 7
18 2
18 15
18 14
18 16
19 9
19 1
19 8
20 15
20 10
20 14
20 1
20 12
21 11
21 19
21 5
23 10
23 14
23 9
23 2
23 4
24 14
24 15
25 1
25 11
25 10
25 22
25 4
25 17
25 3
26 13
26 24
28 7
28 25
28 19
29 22
29 3
29 28
29 15
29 8
29 13
30 16
30 2
30 15
31 18
31 27
31 2
32 14
33 20
34 17
34 6
34 11
35 24
35 8
35 22
35 4
36 12
36 35
36 24
36 13
36 5
37 10
37 6
37 33
37 24
37 5
37 1
38 10
38 34
38 32
38 9
38 12
39 25
39 38
39 12
39 9
39 27
39 19
40 24
40 34
40 33
40 39
41 16
41 13
42 6
42 3
42 23
42 25
43 39
43 29
43 22
43 8
43 11
44 2
44 3
44 33
44 11
44 37
44 26
44 27
44 43
44 4
44 30
45 37
45 19
45 7
45 2
45 15
45 26
46 9
46 24
46 43
46 6
46 18
46 2
46 16
46 29
46 10
47 21
47 12
47 23
47 27
47 46
