p td 48 144
2 1
5 4
5 2
7 2
10 1
11 7
13 12
14 3
15 11
15 4
15 1
16 13
17 10
18 7
18 12
18 15
18 6
18 17
19 1
19 15
20 5
21 12
21 19
21 8
22 20
22 17
22 3
22 16
22 18
23 2
23 6
23 16
23 3
23 11
24 5
24 3
24 15
24 2
25 22
25 4
25 14
25 16
25 3
26 25
26 6
26 5
27 24
27 16
27 25
28 24
28 19
29 24
29 20
29 7
29 28
30 1
30 5
30 13
30 6
31 28
31 26
31 22
32 22
32 12
32 27
32 15
32 17
32 24
33 15
34 27
34 22
34 31
34 21
34 24
34 7
34 33
35 28
35 2
35 9
35 29
36 4
36 8
36 33
36 7
37 8
37 12
37 5
38 24
38 11
38 26
38 28
38 27
39 26
39 10
39 6
39 27
40 12
40 38
40 2
41 32
41 30
41 21
41 28
41 22
41 25
42 1
42 37
42 22
42 38
43 1
43 41
43 8
43 20
44 36
44 3
44 14
44 27
45 31
45 24
45 23
45 7
45 25
45 39
45 34
45 28
46 45
46 2
46 8
46 21
46 12
47 29
47 23
47 27
47 45
47 28
47 39
47 21
47 43
48 15
48 41
48 36
48 5
48 29
48 14
