p td 49 147
7 6
9 7
11 8
12 3
13 1
13 8
13 9
13 5
14 7
15 10
15 4
18 16
18 3
19 11
20 2
20 14
21 8
22 7
22 2
23 18
23 6
24 10
24 23
24 13
25 17
25 7
25 8
25 12
25 14
25 3
26 3
26 20
26 7
27 20
27 14
27 1
28 7
29 3
29 14
29 1
29 21
29 20
30 20
30 3
30 11
31 2
31 20
31 8
31 27
31 14
31 24
31 19
32 28
32 11
32 10
32 3
32 26
32 19
33 15
33 2
33 20
33 19
33 1
34 8
34 21
34 30
34 4
34 6
35 3
35 29
35 17
35 7
35 19
35 23
36 19
36 23
36 21
36 27
36 11
36 24
37 19
37 6
37 23
37 11
37 8
37 7
37 4
37 30
38 28
38 6
38 1
38 30
39 3
39 18
39 14
40 27
40 21
40 29
40 17
40 19
41 6
41 1
41 9
41 35
41 8
42 25
42 40
42 41
42 28
43 14
43 9
43 20
44 6
44 38
44 24
44 3
44 29
45 5
45 35
45 3
45 19
45 26
45 14
46 7
46 26
46 4
47 32
47 10
47 25
47 28
47 42
47 29
47 17
48 9
48 20
48 42
48 29
48 23
48 4
49 10
49 25
49 17
49 45
49 33
49 40
49 16
49 35
