p td 50 150
2 1
4 3
9 3
11 10
11 5
11 3
12 1
12 2
13 1
14 3
15 2
15 11
16 1
17 12
17 13
17 11
18 4
18 6
18 2
19 15
19 11
19 8
20 8
20 15
20 6
21 12
21 10
21 13
21 6
22 8
22 4
23 6
23 13
25 21
25 16
25 14
25 10
26 22
27 23
27 14
28 26
28 20
28 5
29 20
29 10
30 26
30 11
30 3
30 7
31 26
31 20
31 29
31 17
31 21
31 2
32 23
32 2
34 13
34 8
34 10
35 5
35 15
35 4
35 10
35 24
35 11
35 14
35 19
36 33
36 31
36 11
36 14
37 13
37 6
37 9
37 17
38 36
38 23
38 28
38 31
38 29
38 27
39 3
39 11
39 33
39 4
39 2
40 2
40 10
40 25
40 34
40 19
41 39
41 31
41 5
42 3
42 26
42 38
42 36
42 11
42 32
43 21
43 8
43 12
43 15
43 35
43 3
43 5
43 20
44 12
44 26
44 42
44 37
44 24
44 7
44 43
44 41
45 13
46 20
46 27
46 39
46 29
46 23
46 35
46 22
47 21
47 10
47 14
47 35
47 12
48 10
48 9
48 42
48 16
48 44
48 37
49 28
49 44
49 25
49 46
49 20
49 21
49 29
50 38
50 18
50 43
50 29
50 42
50 45
50 21
