p td 51 153
2 1
4 2
6 4
7 5
9 1
9 6
11 5
12 4
13 5
15 5
15 1
15 6
16 9
16 7
16 15
16 14
17 4
17 12
18 11
18 6
18 5
19 17
19 6
19 5
20 7
22 18
23 10
23 4
23 2
24 9
24 14
24 19
25 14
25 1
25 6
25 16
25 3
26 24
26 13
26 8
26 23
27 5
28 22
29 22
29 19
29 5
29 16
29 28
30 10
30 25
31 16
31 23
32 17
33 16
33 19
33 24
34 3
34 11
34 25
34 23
34 6
35 4
35 13
36 11
36 16
36 8
36 9
36 25
37 30
37 14
37 31
38 11
38 37
38 36
38 9
38 30
39 26
39 6
39 22
39 1
40 14
40 16
40 10
40 22
41 9
42 10
42 37
42 18
42 28
42 2
42 22
42 9
42 3
42 29
42 1
43 6
43 13
43 21
43 18
43 5
43 30
43 20
43 7
44 11
44 38
44 25
45 35
45 19
45 27
45 40
46 20
46 12
46 6
46 45
46 8
46 21
47 10
47 11
47 46
47 33
47 29
47 14
47 27
48 47
48 42
48 14
48 28
48 15
48 41
49 17
49 46
49 10
49 5
49 24
49 37
49 25
49 41
49 9
50 18
50 17
50 15
50 45
50 40
50 14
50 27
50 24
50 20
51 18
51 38
51 46
51 49
51 43
51 26
