p td 52 156
2 1
5 2
6 3
7 2
7 3
9 8
9 1
9 5
10 7
11 10
11 4
13 2
13 10
14 9
16 8
19 11
19 10
19 3
19 2
20 17
21 11
21 18
21 12
22 16
22 13
22 21
22 11
22 5
22 18
22 15
23 19
23 12
23 5
23 14
23 4
24 10
24 14
24 22
25 20
26 4
26 6
26 25
26 2
27 4
27 19
27 1
29 20
29 7
29 12
30 6
30 21
30 20
30 10
30 9
31 13
32 8
32 26
32 19
32 18
33 31
33 25
33 12
34 5
34 18
34 12
34 28
35 10
35 20
36 19
36 26
36 5
36 30
36 22
36 9
37 11
38 19
38 4
38 16
39 7
39 11
39 32
39 6
39 26
39 8
40 26
40 35
40 9
41 6
41 20
41 37
41 18
41 5
41 34
42 6
42 8
42 35
43 30
43 34
43 2
43 15
43 20
44 3
44 15
44 9
44 27
44 14
45 17
45 31
45 14
45 19
45 3
45 10
46 13
46 42
46 23
46 43
47 35
47 6
47 43
47 29
47 8
48 5
48 37
48 28
48 20
48 29
48 42
48 14
48 43
48 45
49 15
49 7
49 11
49 19
49 21
50 12
50 18
50 5
50 21
50 34
50 10
50 26
50 6
50 20
51 27
51 24
51 33
52 37
52 17
52 40
52 27
52 6
52 19
52 7
52 5
52 18
