p td 53 159
5 3
5 4
6 5
7 3
7 6
10 2
10 8
11 8
11 9
11 10
12 1
12 5
12 11
13 6
13 4
13 5
13 1
15 2
17 8
20 12
21 7
21 11
21 13
21 3
22 3
23 9
23 22
24 22
24 15
24 8
24 14
25 3
25 7
25 24
26 12
26 7
27 25
27 11
27 24
27 23
27 21
27 17
29 2
29 16
29 12
29 4
30 29
30 9
31 27
31 25
31 24
31 11
31 13
32 26
32 27
33 21
33 4
33 25
33 2
34 24
34 15
34 9
34 6
34 19
34 10
34 29
34 25
35 28
35 14
35 8
35 19
35 10
36 17
36 35
37 8
37 33
37 5
37 16
37 23
38 34
38 13
38 25
38 12
38 33
39 20
39 16
39 15
39 25
40 2
40 18
40 19
40 9
41 36
41 23
41 20
41 6
41 32
42 29
42 34
42 21
42 36
43 18
43 22
43 2
43 10
43 26
44 33
44 14
44 36
44 32
44 22
44 34
45 21
45 23
45 37
45 40
45 1
46 11
46 10
46 27
46 32
46 6
46 29
46 26
47 33
47 32
47 25
47 8
48 3
48 10
48 43
48 35
48 46
48 18
48 13
48 28
49 35
49 36
49 5
50 43
50 22
50 14
51 44
51 1
51 43
51 10
51 36
51 19
51 3
51 42
52 27
52 34
52 47
52 31
52 4
52 17
53 1
53 40
53 37
