p td 54 162
3 1
5 2
5 1
6 1
9 7
10 2
10 8
10 9
11 5
14 4
14 3
14 9
14 6
15 2
15 13
16 13
18 9
18 6
18 3
18 4
19 3
20 9
20 13
21 18
22 18
23 19
23 7
24 4
24 10
24 14
24 7
25 20
25 12
25 14
26 16
26 13
26 5
26 12
27 13
27 2
27 4
28 8
28 18
28 22
29 11
29 25
30 4
30 15
30 3
31 17
31 16
31 18
31 14
31 1
32 11
32 17
32 26
32 27
33 10
33 27
33 24
34 23
34 10
34 26
35 29
35 21
35 8
36 11
36 17
36 31
36 18
36 7
37 25
37 17
37 15
37 7
37 27
37 18
38 7
39 19
40 3
40 12
40 4
40 8
40 14
41 35
41 19
41 12
41 8
41 26
41 30
43 41
43 38
43 11
44 18
44 30
44 11
44 9
45 10
45 44
45 14
45 25
45 13
45 7
46 5
46 30
46 17
46 12
46 22
47 42
47 23
47 10
47 20
47 7
47 44
47 34
47 6
47 32
47 15
48 34
48 23
48 10
48 33
48 30
48 15
48 18
48 31
49 7
49 26
49 38
49 12
49 35
50 26
50 36
50 2
50 27
50 40
50 16
51 21
51 6
51 29
52 5
52 7
52 43
52 25
52 51
52 19
52 6
53 31
53 7
53 11
53 49
53 4
53 27
53 40
54 34
54 6
54 26
54 52
54 29
54 36
54 22
