p td 55 165
5 1
5 3
6 2
9 5
9 2
9 3
9 8
13 1
13 12
14 5
15 3
16 13
18 9
18 6
19 17
19 10
19 8
19 1
20 9
20 4
20 15
21 16
21 10
22 16
23 15
24 6
25 21
25 22
26 19
27 20
27 10
27 4
28 22
28 7
28 10
28 23
29 17
29 24
29 25
29 6
29 19
29 5
30 23
30 12
31 10
31 28
31 2
32 8
32 31
32 4
33 25
33 21
33 32
33 6
33 13
33 17
34 23
34 28
35 7
35 3
35 9
35 21
36 6
36 29
36 17
37 31
37 27
37 33
37 20
37 6
37 15
38 7
38 31
39 15
39 35
39 25
39 21
40 4
40 14
40 8
40 32
40 6
40 16
41 31
41 35
41 38
41 25
42 36
42 34
42 12
42 6
42 20
42 37
42 30
42 26
43 26
43 3
43 37
43 31
43 23
43 28
44 31
45 39
45 12
45 41
46 15
46 12
46 43
47 11
47 2
47 19
47 8
47 1
48 7
48 25
48 16
49 30
49 1
49 22
49 44
49 19
49 39
49 12
49 29
50 5
50 24
50 17
50 22
50 33
50 23
50 27
51 5
51 4
51 10
51 42
51 16
51 26
51 39
51 13
52 24
52 32
52 13
52 38
53 9
53 52
53 30
53 43
53 49
53 16
53 50
54 45
54 13
54 11
54 34
54 12
54 25
54 35
54 33
55 28
55 50
55 22
55 26
55 13
55 38
55 12
