p td 56 168
5 4
6 4
7 6
9 5
9 3
9 4
10 5
11 1
12 4
12 7
13 12
14 1
14 9
16 10
16 2
17 12
18 17
18 14
18 5
19 4
19 9
19 15
20 2
20 14
21 17
21 2
22 2
23 1
24 8
25 3
25 17
26 12
26 4
26 14
27 9
27 16
27 11
28 25
28 7
28 4
29 12
29 23
29 13
30 8
30 23
31 25
31 23
31 2
31 9
31 4
32 14
32 21
32 9
33 18
33 22
34 22
34 14
34 23
34 13
34 26
34 24
34 7
35 15
35 32
35 29
35 17
35 30
36 13
36 24
37 20
37 24
37 22
37 32
37 27
38 18
38 29
39 12
39 20
39 9
39 14
39 17
39 29
40 22
40 33
40 4
40 6
41 31
41 37
41 16
41 2
42 11
42 32
43 40
43 36
43 9
43 34
43 26
44 35
44 10
44 11
44 33
44 19
45 37
45 27
45 6
46 24
46 8
46 15
46 31
46 44
46 16
46 42
46 29
46 32
47 36
47 27
47 30
47 11
47 28
48 13
48 31
48 33
48 11
49 34
49 7
49 20
49 29
49 30
50 5
50 22
50 7
50 23
50 36
50 4
51 49
51 12
51 5
51 8
51 27
51 33
52 3
52 36
52 6
52 7
52 48
52 17
52 44
52 24
52 1
52 40
53 21
53 35
53 9
53 51
54 49
54 9
54 6
54 47
55 48
55 29
55 53
55 44
55 54
55 50
55 23
56 34
56 24
56 44
