p td 57 171
5 1
7 2
8 5
9 1
10 1
11 2
14 2
14 11
16 14
16 2
16 15
16 4
17 8
17 1
17 14
17 11
18 11
18 17
18 14
20 13
20 3
20 9
21 13
21 19
21 6
22 15
22 2
22 7
22 19
23 7
23 22
23 2
23 11
24 10
24 12
24 8
25 16
25 8
26 12
26 17
27 25
27 22
28 19
28 5
29 21
30 28
30 3
30 16
31 10
31 6
31 13
31 11
31 21
31 3
31 20
31 30
32 15
32 10
32 5
32 18
33 29
33 19
33 12
33 4
34 23
34 13
35 33
35 27
35 14
35 2
35 30
36 15
36 14
37 2
37 27
37 25
37 7
37 30
38 25
38 34
38 15
38 20
38 16
39 37
39 5
39 12
39 29
39 4
39 10
40 28
40 20
41 28
41 29
41 32
42 37
42 6
42 13
43 35
44 12
44 10
45 39
45 37
45 7
46 42
46 40
46 38
47 31
47 5
47 15
47 10
48 39
48 42
48 43
48 20
48 40
48 34
48 21
48 31
49 20
49 5
49 12
50 26
50 3
50 23
51 48
51 3
51 42
51 8
51 46
51 20
52 8
52 28
52 42
52 50
52 18
52 27
52 1
53 41
53 3
53 29
53 48
53 11
53 40
53 5
53 44
54 15
54 39
54 43
54 46
54 23
54 36
55 11
55 7
55 45
55 27
55 30
55 10
55 34
55 35
55 44
56 52
56 21
56 6
56 51
56 28
56 31
56 1
57 7
57 33
57 18
57 6
