p td 58 174
12 2
14 13
14 3
15 14
15 9
16 8
18 13
18 10
19 5
19 12
19 11
21 19
21 4
22 5
22 21
22 4
23 14
23 16
23 12
23 18
24 3
24 4
24 5
25 2
25 7
25 20
25 6
26 11
26 3
26 13
27 18
27 20
27 10
27 9
28 14
28 13
28 16
29 26
29 4
29 28
30 16
30 20
31 1
31 22
31 23
32 27
32 4
32 3
33 11
33 26
33 29
33 3
33 31
33 5
33 19
33 12
34 20
34 15
35 23
35 27
35 26
35 7
35 15
36 20
36 1
37 16
37 2
38 33
38 15
38 24
38 11
38 3
38 30
39 31
40 12
40 37
40 11
40 39
41 15
41 3
41 12
41 14
41 34
41 32
42 35
42 30
43 5
43 4
43 38
43 20
43 24
43 27
44 30
44 17
44 3
44 29
44 18
45 33
45 5
45 14
45 27
45 12
45 25
46 37
46 13
46 33
46 4
46 17
46 15
47 20
47 1
47 5
47 35
48 28
48 2
48 23
48 38
48 35
49 38
49 41
49 47
50 23
50 27
50 12
50 31
50 8
50 17
51 18
51 10
51 3
51 25
52 33
52 12
52 4
52 13
52 26
52 29
53 20
53 10
53 14
53 37
53 8
54 1
54 4
54 17
54 26
54 49
54 10
54 16
54 28
55 31
55 2
55 9
55 37
55 52
55 7
56 23
56 6
57 41
57 11
57 50
57 22
57 48
57 53
57 14
57 4
57 16
58 6
58 2
58 39
58 27
58 44
58 31
58 9
