p td 59 177
7 4
7 1
9 3
9 8
10 7
11 10
12 3
12 2
12 10
14 7
15 8
15 7
15 2
16 12
16 13
16 4
17 15
17 13
17 10
17 1
18 4
18 17
18 5
20 11
23 5
24 20
24 11
24 1
25 1
25 20
25 2
27 9
27 20
28 18
28 13
28 12
29 19
30 3
30 2
31 8
31 5
31 16
31 11
31 10
32 1
32 9
32 2
32 11
33 16
33 25
33 15
33 30
33 17
33 7
34 24
34 32
34 15
34 8
35 32
36 9
36 3
36 6
36 2
36 15
37 15
37 28
37 35
37 30
37 17
37 32
38 25
38 18
38 31
38 35
39 21
39 2
39 28
39 19
40 27
40 26
40 36
40 28
41 12
41 8
42 31
42 2
42 39
42 13
43 9
43 16
43 41
43 8
43 21
44 36
44 13
44 19
44 14
44 9
45 5
45 43
45 2
45 6
45 27
45 14
45 25
45 12
46 12
46 34
46 13
46 28
46 41
46 11
46 27
46 40
47 25
47 35
47 2
47 19
48 15
48 10
48 46
49 2
49 28
49 29
49 42
49 45
49 34
49 24
49 12
49 27
49 31
50 24
50 11
51 43
51 29
51 9
51 45
51 11
51 39
51 49
52 5
52 42
53 30
53 20
53 29
53 13
54 38
54 41
54 8
54 24
55 25
55 28
55 18
55 17
55 9
55 22
55 20
56 8
56 55
57 38
57 37
57 31
57 5
57 47
57 21
57 29
57 55
58 21
58 5
58 38
58 33
58 39
58 45
58 27
59 15
59 6
59 9
