p td 60 180
5 2
8 5
10 5
11 4
13 11
14 7
20 13
20 9
21 2
21 17
22 9
22 6
22 20
23 7
23 18
23 21
24 7
24 12
25 2
25 5
25 22
26 2
26 20
26 10
27 14
27 25
27 2
27 18
27 7
28 4
28 26
29 1
29 22
29 10
29 7
29 11
30 27
30 7
30 24
30 13
31 18
31 19
31 1
31 15
31 20
32 15
32 26
32 8
32 21
33 3
33 26
33 10
33 32
34 14
35 11
35 1
35 26
35 25
36 13
36 2
36 18
36 25
36 6
37 12
37 22
38 32
38 31
38 25
38 14
38 37
39 13
39 24
39 38
39 8
40 29
41 23
41 20
41 6
42 41
42 32
42 6
42 13
43 33
43 30
43 15
43 2
43 40
44 30
44 34
44 8
44 42
44 27
45 31
45 18
45 28
45 23
45 7
46 45
46 19
46 16
46 29
46 30
46 12
47 19
47 26
47 43
47 33
47 11
48 30
49 28
49 9
49 42
49 27
49 38
50 3
50 29
50 13
50 1
50 33
50 47
51 18
51 45
51 11
51 28
51 33
52 47
52 25
52 30
52 13
53 1
53 41
53 51
54 11
54 17
54 27
54 45
54 46
54 22
54 35
54 28
55 26
55 20
55 19
55 6
55 18
55 8
55 34
55 22
55 28
56 9
56 46
56 12
56 32
56 45
57 20
57 22
57 15
57 29
57 56
57 17
57 27
57 14
58 28
58 35
58 13
58 20
59 45
59 37
59 52
59 15
59 31
60 40
60 27
60 11
60 47
60 12
60 20
60 7
60 48
60 13
