p td 61 183
7 5
12 10
14 6
14 13
14 1
14 9
15 5
15 10
16 11
16 6
17 11
17 10
18 9
19 9
20 3
20 14
20 18
21 4
22 16
22 21
22 8
22 20
24 22
24 5
24 23
24 11
25 5
25 10
26 24
26 7
26 4
26 25
26 12
27 7
27 22
28 9
28 19
28 2
28 5
28 14
29 2
30 20
30 21
31 6
31 26
31 7
32 22
32 3
32 19
32 10
32 25
33 1
33 7
34 32
34 3
34 24
34 11
35 8
35 34
35 24
35 29
36 28
36 17
36 10
37 9
37 32
37 14
37 1
37 8
38 2
38 32
38 18
38 22
38 9
38 24
39 34
39 9
39 26
39 20
40 30
40 34
40 31
40 12
40 2
40 28
41 15
41 27
41 40
41 24
41 5
42 33
42 27
42 14
42 25
42 35
42 34
42 13
43 20
43 30
43 35
43 41
43 23
43 6
44 36
44 42
44 37
44 8
45 30
45 19
45 39
45 16
45 37
45 11
45 20
46 42
46 18
46 6
47 23
47 8
47 35
47 22
47 24
47 37
47 31
48 20
48 13
48 39
48 17
48 19
48 6
48 9
49 13
49 34
49 33
50 25
50 15
50 36
51 19
51 14
51 7
51 46
52 24
52 28
52 36
52 21
53 11
53 5
53 44
53 26
54 30
54 45
55 42
56 19
56 9
56 7
57 20
57 46
57 43
57 54
57 13
58 52
58 54
58 42
58 33
59 37
59 21
59 22
60 22
60 26
60 41
60 15
60 20
60 46
60 32
60 3
60 55
60 8
60 5
61 57
61 40
61 53
61 13
61 51
