p td 62 186
4 2
5 4
13 6
14 4
14 10
15 9
16 8
17 7
17 9
17 1
17 11
17 16
18 14
18 10
20 9
20 18
21 16
21 5
22 1
22 4
23 5
23 1
23 11
23 16
23 9
25 15
26 10
27 17
27 16
27 6
27 13
28 9
28 19
28 3
28 16
28 21
28 18
28 14
29 4
29 9
30 27
30 8
30 20
31 30
31 22
32 10
32 5
33 23
33 31
33 9
34 19
35 19
35 27
36 24
36 32
36 31
37 25
38 23
38 34
38 35
39 17
39 6
39 9
40 7
40 6
40 37
40 11
41 32
41 6
41 15
42 41
42 16
42 31
42 22
42 24
42 17
43 29
43 19
44 20
44 41
44 17
44 30
44 32
44 6
44 13
45 12
45 33
46 10
46 35
46 41
46 37
47 45
47 7
47 8
47 36
47 10
48 45
48 19
48 37
48 39
48 31
49 6
49 20
49 2
49 28
49 17
50 1
50 27
50 17
51 29
51 47
51 45
51 30
51 44
52 39
52 21
52 45
53 7
53 36
53 17
53 9
53 44
53 5
53 21
54 48
54 38
54 27
54 53
54 8
54 15
54 49
54 6
55 7
55 33
55 36
55 23
55 30
55 45
55 53
55 5
56 44
56 22
56 25
56 50
56 3
57 40
57 31
57 15
57 4
57 48
57 10
57 29
57 3
57 55
58 27
58 13
58 30
58 16
58 55
58 3
59 46
59 38
59 48
59 13
59 17
60 20
60 41
60 25
60 48
60 52
60 26
60 40
60 53
61 47
61 32
61 53
61 26
61 51
61 57
62 45
62 26
62 1
62 43
62 9
62 46
62 59
