p td 63 189
3 2
4 3
6 1
7 5
10 3
10 7
11 10
11 9
13 9
13 2
13 4
13 3
14 8
15 10
17 16
17 14
18 11
18 2
19 15
19 5
20 13
20 17
21 2
21 13
22 16
23 11
23 14
23 6
23 9
24 3
24 16
24 11
24 19
25 14
25 12
25 19
26 10
26 21
26 12
26 5
27 22
27 13
28 4
28 14
28 12
28 22
29 25
29 12
30 5
30 12
31 16
31 11
32 2
32 29
32 9
32 24
33 31
33 5
34 17
34 24
34 7
34 13
34 27
35 28
35 33
36 13
37 6
37 9
37 1
37 15
37 10
38 35
38 27
38 14
38 26
38 17
38 12
39 34
39 8
39 36
39 24
40 27
40 21
41 15
41 26
42 21
42 15
42 6
43 30
43 1
43 29
43 42
43 37
44 5
44 25
44 20
44 21
44 8
45 2
45 19
45 8
46 26
46 20
47 12
47 35
47 16
47 5
47 44
47 10
47 13
47 6
47 17
48 22
48 11
48 27
48 40
49 42
49 27
49 1
49 32
50 33
50 3
50 44
50 9
51 19
51 13
51 8
51 40
51 17
51 41
52 32
52 23
52 16
53 41
53 24
53 12
54 26
54 15
54 5
54 43
54 35
54 48
54 34
54 38
54 51
54 37
54 50
55 2
55 12
55 45
55 43
55 34
56 7
56 24
56 44
56 12
56 51
56 4
57 2
57 5
57 18
57 7
58 57
58 26
58 17
58 19
58 54
59 10
59 9
59 21
59 3
59 44
59 57
60 29
60 41
61 58
61 34
61 5
61 29
61 27
61 2
61 4
61 26
62 60
62 25
62 12
62 10
62 36
63 56
