p td 64 192
11 8
12 4
14 8
14 12
14 1
15 3
16 15
16 5
17 14
17 12
18 16
18 2
19 4
19 3
20 9
20 10
20 16
20 8
21 19
22 1
23 22
23 5
24 5
25 21
25 4
25 16
25 3
25 13
25 19
25 6
26 14
26 1
26 23
26 2
28 26
28 5
28 6
29 8
29 1
29 13
30 26
30 5
31 3
31 16
31 19
32 31
32 18
32 9
32 24
32 15
33 13
33 29
34 22
34 32
34 8
34 26
34 24
35 20
35 11
37 14
37 32
37 34
38 36
38 24
38 16
39 13
39 15
39 37
40 16
40 4
41 7
41 39
41 14
41 16
42 39
42 38
42 35
43 32
43 23
43 4
43 30
43 21
44 23
44 39
44 26
44 19
45 30
45 4
45 27
45 23
45 35
45 38
45 2
46 19
46 29
46 22
46 2
46 37
47 43
47 33
47 40
47 10
48 30
48 38
48 35
48 33
49 34
49 12
49 32
50 8
50 27
50 36
50 41
50 2
50 39
50 38
50 12
50 25
51 13
51 44
51 2
51 32
51 12
51 9
51 42
51 30
52 29
52 32
52 5
52 12
53 33
53 5
53 23
53 28
53 3
53 30
54 43
54 31
54 21
54 3
54 40
55 14
55 50
55 13
55 29
55 35
56 52
56 16
56 7
56 43
56 12
56 49
56 53
57 54
57 2
57 32
57 6
58 35
58 32
58 7
58 2
59 15
59 51
59 33
59 45
59 24
59 21
60 45
60 20
60 1
60 52
60 43
61 9
61 27
61 16
62 41
62 36
62 1
62 12
62 25
63 1
63 29
64 10
64 58
64 29
64 20
64 56
64 30
64 51
64 38
64 57
64 18
