p td 65 195
2 1
3 2
7 4
8 5
9 7
10 6
10 5
11 5
12 2
13 9
13 6
13 8
14 12
14 5
15 13
16 4
17 7
17 11
17 14
18 9
19 11
19 5
19 10
20 5
21 2
22 15
23 3
23 18
25 9
25 22
25 12
25 21
25 20
26 2
29 25
29 24
30 25
30 19
30 15
31 20
31 14
31 29
32 7
32 22
32 13
32 31
32 4
33 22
33 5
33 16
34 29
34 23
35 2
35 23
35 5
35 20
35 26
36 26
36 33
36 8
37 25
37 34
37 30
37 17
37 6
38 30
38 23
38 32
38 13
39 23
39 38
40 30
40 8
40 22
40 5
41 3
41 37
42 9
42 8
42 12
42 39
42 3
42 37
43 2
43 15
44 36
44 40
45 4
45 32
46 26
46 20
46 29
47 1
47 11
47 35
47 13
48 45
48 23
48 5
48 14
49 24
49 30
49 7
49 5
49 21
49 22
50 24
50 8
50 34
50 46
50 41
51 22
51 18
51 37
52 44
52 47
52 41
52 2
53 52
53 14
53 5
53 44
54 39
54 15
54 16
55 37
55 44
55 31
55 19
55 43
55 10
55 22
55 35
55 33
55 46
55 38
55 1
55 53
56 46
57 10
58 9
58 56
58 8
58 20
58 1
58 44
59 16
59 36
59 4
59 40
59 53
60 52
60 56
60 22
60 28
60 3
60 16
60 33
61 42
61 17
61 34
61 19
61 46
61 20
61 38
61 5
61 44
62 31
62 8
62 36
62 10
62 29
62 42
63 61
63 1
63 41
63 15
63 28
63 52
63 46
63 33
64 13
64 11
64 46
64 38
65 48
65 57
65 21
65 23
65 29
65 16
65 42
65 20
65 24
65 58
