p td 66 198
3 1
5 2
12 10
12 2
13 11
15 13
16 12
16 10
17 6
17 3
17 15
19 12
19 5
20 2
20 12
20 4
20 14
21 5
21 1
21 4
21 8
21 6
22 5
22 12
23 9
23 17
23 10
24 21
24 6
25 9
25 4
26 1
26 4
27 2
27 10
27 24
28 17
29 26
29 27
29 4
30 6
30 19
30 25
31 3
31 24
31 11
32 7
32 6
32 13
33 10
34 21
34 3
35 12
35 9
36 13
36 22
36 33
36 18
37 34
37 22
37 11
37 16
38 20
38 30
38 28
39 28
39 5
39 31
39 37
40 4
41 24
41 15
41 26
41 14
41 38
41 31
42 34
42 14
42 27
42 1
43 9
43 12
43 3
44 7
44 10
45 39
46 18
46 1
46 10
46 16
46 6
46 17
47 38
47 45
47 43
47 11
47 36
47 46
47 39
47 15
48 46
48 3
48 30
48 26
49 42
49 37
50 32
50 46
51 43
51 12
51 24
51 26
52 39
52 10
52 1
52 48
52 3
52 50
53 30
53 34
53 6
54 37
54 46
54 48
54 3
55 38
55 39
55 40
55 27
55 22
56 49
56 8
56 41
56 7
56 35
56 6
56 5
57 32
57 18
57 12
58 34
58 3
58 31
58 24
58 51
59 18
59 20
59 12
59 51
59 39
59 13
60 6
60 36
60 54
60 22
60 35
60 16
61 28
61 41
61 16
61 51
61 25
61 20
62 6
62 15
62 28
62 46
62 33
62 47
62 8
62 39
62 42
62 16
63 58
63 28
63 2
63 57
63 18
63 44
63 10
64 2
64 27
64 20
64 7
64 44
64 6
64 8
65 10
65 2
65 54
65 61
65 32
65 21
66 53
66 62
66 8
66 25
66 30
