p td 67 201
3 2
9 4
9 8
10 5
14 4
15 13
17 14
17 2
18 9
19 6
21 4
23 21
23 18
23 10
24 17
24 14
24 1
24 6
25 4
26 1
26 15
26 6
27 14
27 10
27 3
28 16
29 14
29 18
29 5
29 19
30 17
30 18
30 26
30 12
30 15
30 21
32 26
32 3
32 21
32 1
32 22
33 28
34 13
34 33
34 14
35 25
36 7
36 23
36 11
36 24
37 29
37 4
37 6
37 32
37 36
38 17
38 23
38 11
39 26
39 12
39 33
39 30
39 1
40 4
40 25
40 3
41 10
41 17
41 14
41 8
41 15
41 25
42 14
42 18
42 28
42 2
43 7
43 25
44 35
44 41
45 35
45 33
46 21
46 20
47 9
47 36
47 30
47 14
47 1
47 2
47 3
47 18
47 44
47 5
48 30
48 20
48 22
48 28
48 34
48 42
49 31
49 37
49 36
49 23
49 19
50 1
50 47
50 23
50 18
50 2
50 22
51 31
51 48
51 6
51 43
51 4
52 34
52 35
52 1
52 12
52 51
52 44
53 13
53 32
53 50
53 25
53 10
54 7
54 22
54 43
54 1
54 8
54 21
55 45
55 9
55 49
55 10
56 53
56 18
56 36
56 49
57 29
57 47
57 39
57 24
57 10
57 31
57 44
58 25
58 16
58 48
58 40
58 56
58 15
59 37
59 3
59 58
59 53
60 14
60 6
60 35
60 8
61 24
61 5
61 54
61 16
61 21
61 6
61 26
62 25
62 59
62 35
62 55
62 15
62 2
62 40
62 39
62 30
62 24
63 10
63 9
63 46
64 22
64 48
64 34
64 45
65 1
65 61
65 43
65 59
65 33
65 23
65 10
66 15
66 14
66 1
66 8
67 29
67 1
67 41
67 58
