p td 68 204
5 1
8 1
8 7
8 6
9 7
10 9
10 2
11 9
14 6
14 13
15 2
15 13
15 11
16 10
16 6
18 12
19 9
19 8
20 1
20 6
20 19
21 18
22 12
23 17
23 19
23 1
24 6
24 14
25 2
25 10
25 16
25 20
25 1
25 24
26 13
27 16
27 6
27 25
27 17
29 19
29 8
29 5
31 5
31 6
31 9
31 3
32 4
32 7
33 31
34 5
34 21
34 22
34 1
36 34
36 13
37 29
37 1
37 26
37 31
37 28
38 25
38 4
38 11
38 24
39 37
39 4
40 19
40 26
40 11
40 9
41 35
42 5
42 33
42 19
43 3
43 26
44 43
44 26
45 14
45 34
45 19
45 16
45 18
45 31
46 22
46 13
46 31
46 18
46 45
47 25
47 29
47 44
47 31
47 17
47 43
47 13
48 25
48 28
48 34
48 22
48 44
48 7
49 44
49 23
49 46
49 33
49 4
49 2
50 41
50 18
51 43
51 2
51 41
51 22
51 9
52 50
52 7
52 28
52 8
52 45
52 44
52 39
53 48
53 6
53 36
53 12
53 38
54 29
54 21
54 11
54 36
54 39
54 4
55 51
55 33
55 23
55 22
55 5
55 44
55 45
57 3
57 52
57 56
57 45
58 30
58 6
58 49
58 13
58 3
58 55
59 36
59 53
59 26
59 50
59 48
60 55
60 38
60 31
60 41
60 2
60 11
60 36
61 24
61 12
61 5
61 22
61 43
61 49
61 32
61 15
61 54
61 13
62 17
62 26
62 52
62 21
62 40
63 35
63 21
63 4
63 26
63 42
63 62
63 10
64 39
65 41
65 40
65 27
65 9
65 60
66 40
66 10
67 27
67 52
67 17
67 60
67 32
67 7
67 49
67 62
68 29
68 3
68 18
68 31
