p td 69 207
5 2
7 6
9 6
10 5
12 2
12 9
16 5
16 8
17 6
18 5
18 10
18 11
18 6
18 16
18 15
18 14
20 13
20 18
21 13
21 18
21 14
22 1
22 12
23 2
23 7
23 18
24 15
24 2
24 4
25 1
25 14
25 3
26 25
26 8
27 26
27 16
28 21
28 5
29 27
29 15
29 18
30 15
30 7
31 22
32 1
32 21
32 26
32 20
33 9
33 27
34 3
34 19
34 24
34 30
35 3
35 20
35 23
36 18
36 17
36 11
36 33
36 21
37 7
38 13
38 21
38 34
38 17
38 4
39 9
39 3
40 4
40 36
41 40
41 29
41 10
42 30
42 33
42 25
42 26
42 39
43 35
43 39
43 33
44 14
44 23
45 27
45 5
45 15
46 26
46 35
46 30
46 25
47 37
47 26
47 5
47 31
47 25
48 47
48 6
48 28
48 1
49 17
49 35
49 11
49 36
49 14
49 46
50 11
50 40
50 14
50 36
51 43
51 27
51 28
51 41
51 34
52 11
53 28
54 3
54 42
54 37
54 50
54 17
54 34
55 27
55 34
55 21
55 42
55 35
55 49
56 44
56 19
56 34
56 35
56 9
57 11
57 15
57 52
58 30
58 21
58 57
58 29
58 16
58 22
59 40
59 44
59 36
59 23
60 58
60 1
60 38
60 36
60 55
60 54
61 34
61 1
61 3
62 43
62 45
62 8
62 31
62 54
63 55
63 61
63 22
63 56
63 24
64 38
64 5
64 42
65 24
65 50
65 53
65 55
65 16
65 42
65 44
65 57
66 51
66 17
66 30
66 39
66 19
66 24
66 28
67 48
67 30
67 21
67 42
67 3
67 57
68 45
68 46
68 43
68 31
68 47
68 60
68 38
69 43
69 27
69 59
69 23
69 31
69 18
69 24
69 3
69 68
