p td 70 210
2 1
3 2
5 2
5 1
6 3
9 1
9 8
9 6
10 2
14 10
15 1
15 6
16 9
16 7
17 12
17 4
17 14
18 15
19 10
20 7
20 18
20 9
20 16
21 8
21 6
21 4
22 1
22 7
23 13
23 8
24 16
24 10
24 15
25 22
25 11
25 2
26 11
26 14
26 2
27 13
27 22
28 13
29 3
29 7
29 17
30 15
31 12
31 15
32 14
33 32
33 30
33 24
33 1
33 25
34 33
34 1
34 2
35 6
35 22
35 3
35 33
35 31
36 5
36 35
36 24
37 4
37 5
37 27
37 14
38 8
38 10
38 35
39 38
39 3
39 11
39 31
39 33
39 32
40 30
40 33
40 20
40 3
41 35
42 10
42 23
42 12
43 4
43 42
43 35
43 2
43 25
44 30
44 19
44 9
44 15
45 26
46 25
46 11
46 16
46 14
46 41
47 25
47 9
47 7
47 1
48 28
48 16
48 34
48 38
48 19
49 22
49 46
49 12
50 32
51 29
51 21
51 10
52 17
52 13
52 5
52 6
52 19
52 46
53 5
53 15
53 12
53 29
53 11
53 6
53 48
53 8
53 34
54 12
54 43
55 13
55 29
55 6
55 25
55 33
56 17
56 45
56 8
56 5
56 18
56 27
56 11
56 9
56 3
57 19
58 45
58 39
59 14
59 16
59 55
59 10
59 36
60 51
60 16
60 58
60 5
61 50
61 16
61 51
61 57
61 31
61 8
61 60
62 48
62 56
62 31
62 54
62 8
63 36
63 53
63 33
63 35
63 12
64 9
64 40
64 42
64 44
64 37
64 28
64 17
64 30
64 4
64 10
65 9
65 3
65 59
65 8
65 38
66 48
66 54
66 52
67 42
67 15
67 50
67 11
68 28
68 34
68 43
68 57
69 20
69 12
69 65
70 18
70 60
70 58
70 40
