p td 71 213
4 3
6 3
7 1
8 4
12 9
12 6
13 4
13 1
14 1
15 5
16 1
16 2
18 15
20 2
21 1
22 21
22 4
23 19
23 5
23 15
24 17
24 21
25 2
25 10
25 5
25 1
26 15
26 10
26 4
26 12
26 21
27 16
27 2
27 10
27 9
28 19
28 15
28 16
29 3
29 19
30 11
30 22
30 20
30 7
31 11
31 18
31 13
31 26
31 23
32 12
32 2
33 28
34 26
34 28
34 2
35 7
35 16
36 11
36 35
36 31
37 30
37 20
37 8
37 29
38 29
38 36
38 21
39 21
39 5
39 13
40 39
40 34
40 38
40 28
40 24
41 34
41 8
41 20
42 35
42 12
42 34
42 18
42 40
42 1
43 23
43 15
44 36
45 39
45 24
45 11
45 10
46 26
46 31
46 5
48 12
48 5
48 6
49 40
49 27
49 6
49 20
49 2
50 34
50 40
50 4
50 7
50 32
50 23
51 40
51 7
51 4
51 18
51 31
51 26
52 43
52 20
52 13
52 26
52 51
52 37
53 33
53 22
53 44
53 5
53 29
53 42
54 53
54 45
54 17
54 13
55 36
56 43
56 30
56 21
57 52
57 27
58 21
58 36
58 10
58 15
58 2
58 29
59 40
59 29
59 12
59 7
60 49
61 13
61 52
61 47
62 32
62 21
62 36
62 11
62 24
63 21
63 35
63 4
63 3
63 55
63 23
63 38
63 51
63 40
64 15
64 25
64 21
64 61
64 42
64 29
64 23
65 41
65 22
65 33
65 31
65 17
65 12
65 6
66 24
66 18
66 48
66 55
66 33
67 20
67 16
67 1
67 45
67 36
68 67
68 29
68 12
68 9
68 65
68 13
68 17
68 30
68 11
69 21
69 38
69 19
69 18
70 28
70 65
70 66
70 16
70 3
70 48
71 55
71 41
71 15
71 57
71 59
71 69
