p td 72 216
6 3
8 5
10 8
10 5
10 2
12 8
13 10
14 9
14 2
15 3
15 10
16 7
16 3
16 15
17 10
19 12
19 11
20 14
20 19
21 15
21 9
21 5
21 6
22 21
23 15
24 13
25 8
25 11
26 19
27 25
27 14
27 15
27 5
28 15
28 16
31 5
31 18
31 24
33 14
33 19
33 31
34 26
34 10
35 22
35 10
35 32
36 30
36 29
37 26
37 16
37 9
38 18
38 29
38 2
38 23
38 36
39 20
39 22
40 8
40 33
41 31
41 7
41 17
41 3
41 16
42 39
42 18
42 19
43 31
43 22
44 25
44 34
44 16
44 31
44 24
44 6
44 27
45 25
45 14
45 32
45 20
45 23
45 43
46 13
46 34
46 30
46 23
46 10
46 42
46 38
46 22
46 40
47 40
47 13
48 14
48 15
48 43
48 24
48 37
48 39
50 1
51 33
51 11
51 26
51 17
52 19
52 13
53 20
53 2
53 50
53 18
54 18
54 25
55 49
55 4
55 26
55 46
56 28
56 48
56 13
56 16
57 13
57 4
57 33
58 17
58 26
58 52
58 3
58 46
59 54
59 37
59 45
59 10
60 36
60 8
60 55
60 13
60 48
60 59
60 2
61 5
61 32
61 52
61 13
61 42
61 38
62 32
62 17
63 51
63 45
63 20
63 7
63 3
64 61
65 10
65 34
65 54
65 38
65 25
65 50
65 32
65 59
66 65
66 28
66 12
66 63
66 17
66 61
67 16
67 51
67 39
67 26
67 46
67 5
67 18
67 41
67 35
67 19
68 37
68 52
68 13
68 58
68 56
68 43
68 28
68 18
68 31
69 4
69 19
69 8
69 42
69 25
69 7
69 31
69 28
70 25
70 31
70 34
70 20
70 46
70 33
70 27
70 14
70 29
71 8
71 33
72 55
72 53
72 25
72 57
72 41
72 2
72 60
72 65
72 48
72 22
