p td 73 219
5 3
6 1
8 2
9 4
11 10
12 3
13 11
14 10
15 11
15 9
16 6
16 15
18 8
18 14
18 1
19 7
19 2
19 4
19 13
20 11
20 3
20 9
20 10
21 6
21 8
22 9
22 21
22 11
23 20
23 8
24 4
24 2
24 18
24 6
25 23
27 13
28 7
28 23
29 6
29 2
30 12
31 12
31 21
32 2
32 29
32 7
32 5
32 13
33 15
33 28
33 4
33 26
34 29
34 20
35 28
35 10
36 17
36 9
36 35
37 28
37 5
37 14
38 3
38 2
39 32
39 31
39 36
40 18
40 34
41 31
41 9
42 25
42 23
42 19
42 6
42 8
42 5
43 19
43 32
43 15
43 18
44 6
44 32
44 9
44 43
45 19
45 22
45 21
45 27
45 10
45 41
46 9
46 21
46 25
46 37
47 1
47 30
47 4
47 26
48 17
48 39
48 3
49 29
49 22
49 34
49 39
50 3
50 6
50 22
50 26
50 43
50 14
50 33
51 36
51 12
51 19
51 17
52 35
52 43
52 30
52 17
52 37
53 32
53 52
54 3
54 9
54 24
54 20
55 43
55 13
55 3
56 52
56 10
56 34
56 46
56 22
56 42
56 51
57 55
57 6
57 39
57 49
57 10
57 53
58 19
58 39
58 46
59 43
59 24
60 12
60 27
60 59
60 37
61 18
61 59
61 3
61 42
61 6
61 12
61 25
61 38
62 6
62 2
62 61
63 33
63 35
63 2
63 32
63 42
63 51
63 12
64 51
64 24
64 47
64 35
65 58
65 45
66 29
66 19
66 48
66 57
66 59
66 8
67 64
67 35
67 46
67 18
67 4
68 56
69 59
69 26
69 12
69 25
69 54
69 28
69 2
69 49
69 60
69 8
70 40
70 29
70 3
70 42
70 63
70 6
71 2
71 8
71 21
71 35
71 6
72 42
72 53
72 35
72 62
72 18
72 58
72 41
73 58
73 66
