p td 74 222
3 1
10 6
12 10
12 8
13 12
13 6
13 4
14 1
14 12
14 2
16 13
17 16
17 8
17 11
20 18
21 18
22 13
23 6
23 22
25 3
25 16
25 9
27 19
27 21
27 16
28 17
28 13
28 19
28 6
29 21
29 5
29 16
29 1
30 23
31 10
31 22
31 29
33 1
33 27
34 32
34 28
34 21
34 31
34 5
34 7
34 1
35 31
35 1
35 33
35 20
36 8
36 26
36 7
36 16
36 9
36 19
37 28
37 2
37 3
37 20
38 7
38 4
38 28
39 9
39 26
39 13
39 4
40 9
40 23
40 32
41 19
41 27
41 21
41 29
41 3
41 20
42 20
42 36
42 10
42 28
42 2
42 4
42 39
43 2
43 20
43 42
43 26
44 2
45 17
45 43
45 44
46 33
46 38
46 44
46 1
46 9
47 11
47 32
47 35
48 31
48 32
48 23
48 15
50 48
50 8
51 17
51 39
51 10
52 14
52 41
52 29
52 11
52 12
53 26
53 31
53 7
54 24
54 38
55 14
55 28
55 48
55 8
56 34
56 37
56 1
57 3
57 17
57 56
57 41
57 28
57 15
58 44
58 19
58 36
58 42
58 48
58 35
59 39
59 44
59 38
59 14
60 40
60 11
60 28
61 13
61 17
61 40
61 25
62 42
62 6
62 19
62 52
62 53
63 39
63 21
63 47
63 43
63 41
63 22
63 23
64 34
64 54
64 57
65 12
65 15
65 44
65 11
65 26
65 43
66 34
66 62
66 2
66 32
66 39
66 46
67 11
67 44
67 18
67 56
67 40
68 21
68 67
68 64
68 49
68 23
68 22
68 61
69 10
69 23
69 7
69 68
69 40
69 66
69 24
70 1
70 47
70 8
70 45
70 42
70 44
70 5
70 18
71 24
71 4
71 52
71 38
71 60
72 53
72 24
72 37
73 5
73 43
73 52
73 39
73 16
74 13
74 51
74 64
74 49
74 45
74 59
74 31
