p td 75 225
4 1
9 1
12 3
14 1
15 11
18 16
18 3
18 12
18 7
18 9
19 17
19 16
19 18
20 12
20 15
20 2
20 5
21 11
22 11
22 17
22 3
23 20
23 4
24 3
26 22
26 20
26 13
27 21
27 3
27 16
28 23
28 1
29 27
31 18
31 20
32 26
32 15
32 16
32 6
33 30
33 28
33 2
33 31
34 20
35 32
36 27
36 12
37 1
37 17
38 35
39 36
39 15
39 31
39 38
41 34
42 15
42 14
42 31
42 7
42 33
42 13
43 4
43 15
43 14
43 18
43 13
43 23
44 25
44 43
44 26
44 36
44 40
45 22
45 32
45 16
45 4
45 25
45 5
46 18
46 42
46 41
47 6
47 22
47 35
47 26
48 24
48 44
48 10
49 40
49 46
49 9
49 4
50 39
50 13
50 26
50 6
50 9
50 28
50 41
50 14
50 8
51 33
51 13
52 2
53 13
53 52
53 32
53 8
54 25
54 52
55 48
55 1
55 43
55 39
55 32
55 46
55 44
56 23
56 37
57 52
57 26
57 17
57 43
57 2
57 32
57 9
57 1
57 47
58 12
58 25
58 49
58 3
58 43
58 34
58 2
59 16
59 3
59 27
59 12
59 25
59 2
59 44
60 35
60 17
60 26
60 45
61 3
61 47
61 57
62 43
62 50
62 49
62 36
63 57
63 48
63 24
63 52
63 6
63 2
63 54
63 7
63 42
64 48
64 43
64 10
64 8
64 37
65 18
65 2
65 17
65 30
65 9
65 13
65 27
66 21
66 44
66 5
66 4
66 46
66 20
67 26
67 65
67 1
67 63
67 11
67 23
68 49
68 1
68 7
69 42
69 28
69 52
69 25
70 32
70 4
70 21
71 5
71 42
71 65
71 21
71 14
71 66
71 35
71 61
72 3
72 54
72 2
73 55
73 3
73 13
73 59
73 21
73 47
73 11
74 57
74 71
74 52
74 26
74 39
74 65
75 17
75 40
75 35
75 36
75 12
