p td 76 228
5 1
8 6
11 9
11 4
15 1
15 13
15 9
16 14
17 15
19 15
21 7
22 2
22 6
22 9
23 11
24 10
24 1
25 13
26 22
26 20
27 13
27 6
27 19
28 9
30 5
31 22
31 3
32 19
32 6
32 10
33 20
33 10
33 22
33 32
34 12
34 20
34 2
34 10
35 4
35 10
36 34
36 19
37 21
37 35
37 18
38 24
38 32
38 33
38 20
39 26
40 4
40 3
40 39
40 7
40 14
40 19
41 17
41 12
41 29
41 11
41 21
42 32
43 21
43 4
43 28
43 19
43 12
43 1
43 22
43 9
44 16
44 43
44 11
44 9
44 21
45 4
45 43
45 15
45 18
46 40
46 13
46 3
46 18
47 36
47 32
47 45
48 23
48 46
49 1
49 16
49 45
49 4
49 15
49 2
50 12
50 2
50 44
50 34
50 36
50 35
51 2
51 14
51 16
52 34
52 10
52 36
52 28
52 13
52 39
53 5
53 37
53 33
54 51
54 38
54 26
55 38
55 39
55 17
55 44
55 5
55 32
55 20
56 30
56 46
56 32
56 16
56 21
57 21
57 20
57 2
57 18
57 49
58 57
58 5
58 18
59 30
59 46
59 1
59 28
59 10
60 14
60 1
60 58
61 42
61 10
61 6
61 13
61 57
62 49
62 35
62 22
62 34
62 58
62 32
63 48
63 18
63 13
63 42
63 41
64 27
64 37
64 43
64 52
64 25
65 26
65 13
65 30
65 48
65 28
65 54
65 40
65 14
66 62
66 50
66 25
66 51
66 22
66 13
66 58
67 6
67 13
67 34
68 9
68 40
68 8
69 53
69 12
69 57
69 52
70 25
70 66
70 36
70 10
71 24
71 19
71 44
71 64
71 65
71 34
71 66
72 18
72 14
72 40
72 71
73 23
73 27
73 70
73 67
74 13
74 3
74 63
74 62
74 44
74 47
75 22
75 3
75 55
75 25
75 14
76 66
76 74
76 47
76 7
76 46
76 25
76 3
76 29
76 70
