p td 77 231
6 2
7 1
7 2
11 7
11 8
12 4
14 9
15 8
17 13
19 6
20 19
22 20
22 7
23 11
23 5
23 8
23 2
24 2
24 13
25 22
25 6
25 20
25 18
25 12
27 23
27 6
28 10
28 9
29 14
29 3
29 4
29 11
29 24
29 25
30 3
30 21
31 9
31 28
31 3
31 16
32 15
32 4
32 30
33 31
33 29
33 24
34 26
34 23
34 2
35 15
36 26
37 20
37 10
38 10
39 38
39 10
39 4
40 14
40 13
41 37
41 9
42 2
42 38
42 14
42 40
43 10
44 43
44 18
45 42
45 18
45 31
45 44
46 40
47 12
47 11
47 4
47 19
48 15
48 22
48 37
48 18
48 5
49 8
49 38
49 12
49 4
50 37
50 24
50 11
50 44
50 16
51 17
51 26
52 34
52 49
52 7
52 3
52 27
52 5
52 18
52 38
52 35
53 3
53 22
53 40
53 14
54 6
54 44
54 49
54 29
55 31
56 9
56 40
56 42
56 17
56 15
57 50
57 31
57 32
58 4
58 5
58 19
59 7
59 27
59 18
59 28
59 21
60 32
60 31
60 34
60 4
61 6
61 9
61 28
62 43
62 45
62 58
62 1
62 13
63 51
63 45
63 61
63 41
63 20
63 26
63 18
63 8
64 29
64 18
64 60
64 32
65 26
65 41
65 60
65 61
65 51
65 4
65 11
66 32
66 28
66 12
66 25
66 49
67 59
67 44
67 18
67 60
67 23
67 56
68 1
68 67
68 55
68 13
69 12
69 65
69 5
69 11
69 67
69 41
70 8
70 1
70 41
70 67
70 10
70 49
70 9
71 35
71 51
71 14
71 41
71 69
71 13
72 29
72 27
72 4
72 56
73 52
73 24
73 40
73 71
73 28
74 70
74 69
74 7
74 55
74 39
74 52
75 46
75 68
75 58
75 31
76 14
76 62
76 44
76 31
76 42
76 21
76 8
76 33
76 61
76 35
76 12
77 39
77 49
77 42
77 3
77 31
77 21
77 61
77 46
77 76
