p td 78 234
4 3
6 3
7 2
7 5
8 4
9 2
10 9
11 9
13 2
16 8
16 2
16 13
17 5
17 14
18 5
20 6
21 1
21 19
22 12
23 20
23 5
23 6
23 4
23 22
24 14
25 9
26 16
27 5
28 21
28 4
28 11
29 14
29 25
29 19
30 11
30 17
31 20
31 27
32 1
32 20
32 10
33 14
33 30
33 25
33 8
34 21
34 17
34 13
34 20
35 21
35 15
36 26
36 7
37 5
37 33
37 12
37 25
37 16
37 24
38 2
39 26
39 30
39 8
39 29
40 30
40 27
41 3
41 16
41 7
42 22
43 19
43 20
43 39
44 39
44 4
45 1
45 33
45 42
46 21
46 17
46 25
46 12
46 38
46 2
46 41
46 1
47 3
47 5
47 37
48 4
48 22
48 31
48 45
48 32
49 6
49 8
50 45
50 27
50 18
50 47
50 23
50 7
51 7
51 48
51 50
51 49
51 23
51 38
51 12
51 13
52 35
52 23
52 12
52 47
52 11
53 25
53 50
54 14
54 53
54 8
54 20
55 39
55 53
55 24
55 23
55 48
55 38
56 14
56 55
56 54
56 25
56 35
57 39
57 24
57 19
58 49
58 5
58 37
59 16
59 30
59 21
59 20
59 9
60 19
60 41
60 25
60 4
61 36
61 56
61 20
62 32
62 23
62 10
62 12
63 51
63 49
63 36
63 32
63 55
63 26
64 40
64 57
64 11
64 55
64 42
65 11
65 47
65 59
65 2
65 35
66 31
66 26
66 37
66 1
67 57
67 34
67 36
67 50
67 20
68 24
68 31
68 53
68 66
69 31
69 6
70 13
70 10
70 55
70 2
70 41
71 50
71 69
71 68
71 9
71 41
72 32
72 36
73 12
73 20
73 72
73 28
73 24
73 68
73 10
73 49
73 69
74 51
74 73
74 54
74 11
75 64
75 74
75 11
75 24
75 41
75 33
75 59
75 5
75 56
75 43
76 29
76 55
76 35
77 61
77 15
77 67
77 55
77 3
77 14
77 37
78 31
78 34
78 15
78 61
