p td 79 237
8 3
12 7
14 1
15 13
15 8
18 3
18 10
19 15
20 16
20 12
20 17
21 16
21 13
21 15
21 19
22 16
23 13
24 6
24 16
24 3
25 12
26 12
27 3
27 13
28 24
28 13
28 3
28 16
29 22
29 5
29 1
30 9
30 23
31 17
31 20
32 11
32 5
32 18
32 16
33 24
34 22
35 11
35 31
35 5
36 12
36 21
36 4
36 17
36 30
36 32
37 14
37 9
37 13
37 30
38 14
39 7
39 19
39 27
39 25
40 14
41 23
41 1
41 14
41 7
41 9
42 30
42 28
42 11
43 21
43 3
43 18
43 10
43 28
44 38
44 37
45 13
45 1
46 36
46 22
46 9
46 2
47 9
47 44
48 12
48 46
48 35
48 40
49 35
49 2
49 41
49 10
49 46
49 1
49 27
49 47
49 12
50 40
50 49
50 36
50 25
50 47
51 4
51 26
51 3
51 38
51 27
52 49
52 9
52 1
54 46
54 34
55 43
55 41
55 7
55 45
55 49
56 35
56 33
57 32
57 52
57 18
57 42
57 12
58 15
58 41
58 17
58 9
59 21
59 49
60 39
60 7
60 57
60 16
60 36
60 10
60 23
61 20
61 11
61 60
61 25
61 55
62 44
62 1
62 30
62 56
62 47
62 6
62 45
62 7
62 59
62 16
63 24
63 35
63 56
63 43
63 45
64 38
64 63
64 54
64 18
65 53
65 29
65 3
65 45
66 30
66 21
66 58
66 48
66 64
66 26
66 13
67 65
67 58
67 60
67 34
67 18
67 59
67 43
68 5
68 2
68 42
68 60
69 47
69 8
69 10
70 42
70 43
70 17
71 51
71 7
71 50
71 17
71 36
72 5
72 34
73 12
73 45
73 16
73 42
73 29
73 41
74 9
74 60
74 55
74 42
74 50
74 58
74 19
74 39
74 26
75 72
75 66
75 27
75 51
75 11
75 37
76 75
76 46
76 73
76 21
76 60
76 24
76 40
77 35
77 23
77 36
77 75
77 71
77 2
77 54
77 52
78 70
78 21
78 13
79 65
79 28
79 32
