p td 80 240
2 1
3 1
7 5
8 5
9 8
11 5
13 11
13 7
15 9
16 12
16 2
17 13
18 8
19 10
19 5
19 7
20 2
20 12
21 8
21 6
22 1
23 19
24 19
24 17
25 13
25 14
26 11
26 19
26 22
26 9
27 22
28 4
28 11
29 28
30 24
30 23
30 13
30 4
30 17
31 19
31 18
31 7
31 30
31 1
32 14
33 9
33 1
33 11
34 16
34 15
35 26
36 8
36 31
36 33
37 9
37 29
37 15
37 18
37 26
37 23
37 34
37 21
38 19
38 5
38 29
38 12
38 20
39 25
39 32
39 37
40 27
41 36
42 9
42 30
42 7
42 39
43 29
43 20
43 28
44 20
44 16
44 26
44 24
44 18
45 10
45 28
45 2
46 30
47 1
47 15
47 18
48 8
48 47
48 14
49 27
49 16
49 3
49 18
49 25
50 41
50 40
51 2
51 46
52 47
52 43
53 24
53 47
53 25
53 6
53 45
53 27
54 37
54 15
54 49
54 46
54 52
55 1
55 2
55 31
55 10
56 22
56 26
56 37
56 17
57 19
57 41
58 21
58 27
58 4
58 46
58 18
58 2
59 36
59 10
59 57
59 29
60 15
60 43
60 35
60 51
61 29
61 27
61 25
61 51
62 14
63 11
64 44
64 11
64 56
64 22
64 1
64 10
64 46
64 16
64 51
64 8
65 44
65 29
65 6
65 41
65 36
66 54
66 32
66 51
66 52
66 65
67 4
67 30
67 59
67 2
67 13
67 32
68 39
68 19
68 40
68 37
68 33
68 10
68 49
68 31
69 52
69 36
69 32
69 19
69 2
69 4
69 30
70 52
70 8
70 35
70 57
71 41
71 5
72 35
72 47
73 32
73 50
73 56
73 18
73 22
74 58
74 47
74 49
74 38
75 69
75 2
75 54
75 31
75 33
76 48
76 9
76 35
76 10
77 22
77 9
77 7
77 63
77 8
77 73
78 31
78 16
78 37
78 32
78 67
78 41
78 27
79 49
79 15
79 65
79 45
80 58
80 49
80 10
80 24
80 30
80 40
80 79
80 8
80 65
80 78
