p td 81 243
10 2
11 6
15 14
15 11
15 9
17 14
17 11
18 12
18 8
19 15
19 14
21 3
21 8
23 14
23 1
25 22
25 13
25 4
25 1
26 3
26 8
26 21
26 1
27 7
28 18
28 23
29 14
29 12
29 16
30 28
30 26
30 11
31 3
32 2
32 30
32 11
33 13
33 21
33 4
34 20
34 10
35 12
35 21
35 28
36 3
36 35
37 31
38 11
38 28
38 32
39 2
39 1
39 37
39 24
39 11
40 13
40 26
40 22
41 20
41 23
41 11
42 30
42 13
42 6
43 30
43 29
43 15
43 11
43 1
43 12
44 38
44 41
45 34
45 42
45 27
45 11
46 20
46 8
46 1
46 38
46 24
47 10
47 28
47 4
47 43
48 32
48 8
48 43
49 43
49 3
49 12
49 32
49 45
50 23
51 4
51 2
51 22
52 12
52 44
53 44
53 36
55 22
55 41
55 3
55 17
56 1
56 3
56 25
56 30
56 46
56 32
57 26
57 2
57 31
58 20
58 4
58 49
58 36
58 32
58 8
59 24
59 49
59 32
59 30
59 14
60 39
60 28
60 45
60 6
60 3
60 21
61 44
61 51
62 30
62 17
62 44
62 53
62 14
62 55
62 11
63 8
63 39
63 49
63 51
63 18
64 37
64 5
64 27
64 28
65 49
65 15
65 37
66 38
66 25
66 43
66 24
67 15
67 20
67 40
67 31
67 47
68 44
68 60
68 12
68 3
68 16
69 7
69 22
69 47
69 51
69 1
70 20
70 7
70 34
71 58
71 69
72 20
72 36
72 28
72 45
73 9
73 49
73 24
73 13
73 52
73 21
73 47
73 68
73 45
73 58
73 67
74 48
74 44
74 40
74 20
74 37
74 58
74 41
74 62
75 1
75 5
76 25
76 62
76 44
76 53
76 60
76 47
76 34
76 26
77 14
77 31
77 70
77 55
77 42
77 13
77 73
78 42
78 32
78 72
78 65
79 28
79 5
79 42
79 72
79 69
79 25
79 12
79 76
79 73
79 34
80 29
80 38
80 44
80 23
80 72
80 67
80 54
80 61
81 4
81 18
81 1
81 62
81 15
