p td 82 246
7 1
8 7
8 2
12 8
13 12
14 1
14 10
14 2
14 7
15 12
15 1
15 2
16 10
17 3
17 2
18 10
18 6
19 15
20 3
21 8
21 12
23 13
23 17
23 4
26 14
26 21
27 1
27 4
28 20
29 25
29 12
30 8
30 10
30 22
30 9
32 21
32 5
32 16
32 17
34 1
34 3
34 16
35 30
36 12
36 29
37 17
37 26
38 9
38 30
39 14
39 29
39 5
39 31
39 37
39 17
40 22
40 2
40 25
41 17
42 34
42 31
43 1
43 9
43 7
43 13
43 12
44 42
44 8
44 28
44 1
44 9
45 1
45 2
45 44
45 29
45 13
45 21
46 5
46 36
46 42
47 2
47 7
47 27
47 3
47 45
47 23
47 22
47 38
48 47
48 24
48 33
49 37
50 22
50 3
50 29
50 42
50 21
50 15
51 33
51 14
51 40
51 47
51 3
52 26
52 34
52 1
52 15
52 49
52 36
52 4
53 22
53 7
53 47
53 8
54 40
54 53
54 11
55 30
55 35
55 37
55 32
56 5
56 26
56 8
56 34
56 37
57 18
57 41
58 38
58 44
58 39
58 13
59 24
59 33
59 38
59 36
59 21
60 2
60 8
60 32
60 42
60 22
61 28
61 24
61 33
61 23
62 51
62 11
62 24
62 35
62 61
63 14
63 22
63 12
64 54
64 18
64 10
64 42
65 26
65 16
65 14
66 46
66 1
66 62
66 9
66 20
66 3
66 32
66 53
66 24
66 50
66 8
67 54
67 59
67 22
67 18
67 14
68 40
68 45
68 32
68 37
68 47
69 60
69 46
69 54
69 5
69 57
69 44
70 34
70 33
71 63
71 36
71 25
71 12
71 22
72 70
72 27
72 53
72 67
72 13
72 11
73 13
73 20
73 63
74 60
74 31
74 57
74 44
75 4
75 18
75 50
75 37
75 23
76 8
77 9
77 29
77 68
77 37
77 66
77 53
77 12
77 41
78 72
78 71
78 60
78 66
78 56
78 69
78 75
78 62
79 66
79 30
80 51
80 69
80 4
80 17
81 61
81 52
81 60
81 70
81 63
81 51
82 78
82 67
82 36
82 75
