p td 83 249
4 3
5 3
7 5
8 5
9 8
9 2
11 7
12 2
12 4
14 2
15 2
17 13
19 7
21 18
21 7
22 16
22 14
22 8
23 22
23 3
23 14
24 16
25 11
25 24
26 2
27 15
28 26
28 8
29 27
29 12
29 26
30 9
31 13
31 18
31 5
31 24
32 1
32 28
33 19
33 20
33 30
34 32
34 16
35 28
36 23
36 32
36 24
36 28
36 14
37 11
37 17
37 6
39 14
39 34
39 32
40 31
40 37
40 36
41 32
42 9
42 23
42 3
43 6
44 41
44 15
45 35
46 41
46 25
46 34
46 32
46 43
46 35
47 36
47 40
47 1
47 38
48 34
48 7
48 24
49 6
49 43
50 3
50 20
50 31
50 25
50 49
50 22
50 35
51 20
51 5
51 12
52 10
52 30
52 21
53 41
53 3
53 7
53 11
53 26
53 5
54 28
54 21
54 25
54 38
55 7
55 34
55 3
55 19
55 6
55 41
56 5
56 51
56 9
56 46
56 26
56 21
57 22
57 17
57 4
57 23
58 56
58 46
58 18
58 10
59 21
59 44
59 43
59 20
59 24
59 52
59 26
60 50
60 6
60 58
61 60
61 20
61 10
61 25
62 24
62 17
62 59
62 46
63 2
63 47
63 59
63 48
63 50
64 43
64 41
64 53
64 12
64 24
64 37
64 3
64 57
65 1
65 29
66 13
66 23
66 12
67 51
67 28
67 4
68 11
68 28
68 51
69 44
69 29
69 42
69 50
69 12
69 1
70 41
70 11
70 19
70 7
70 64
70 5
70 44
71 25
71 18
71 15
72 46
72 62
72 19
72 35
72 17
73 54
73 50
73 19
73 58
74 46
74 56
74 43
74 44
74 1
75 23
75 69
75 53
75 66
75 27
75 58
75 21
76 45
76 73
76 20
76 63
76 50
76 11
76 38
76 18
77 61
77 74
77 42
77 3
77 64
77 12
78 52
78 58
78 4
78 47
78 41
78 53
78 63
78 24
79 13
79 1
79 23
79 68
79 9
79 6
79 31
80 58
81 80
81 14
81 75
82 66
82 75
82 32
82 57
82 42
82 41
83 57
83 30
83 46
83 20
83 67
83 15
83 27
