p td 84 252
2 1
5 3
8 5
8 6
10 9
11 7
12 5
13 11
14 5
15 14
15 10
20 2
24 13
25 12
25 24
25 18
26 3
26 8
27 16
27 1
27 10
27 22
27 8
28 14
28 18
28 20
30 1
30 23
31 2
31 17
31 5
33 24
33 13
34 32
34 26
34 22
34 3
34 29
34 7
35 15
35 12
36 14
36 11
37 24
38 32
38 30
38 37
38 13
39 31
39 27
39 21
39 23
40 6
40 24
41 15
41 13
42 7
43 1
43 22
44 37
44 3
44 18
44 12
45 15
45 41
46 45
46 17
46 9
46 35
47 26
47 36
48 32
48 45
48 36
49 23
49 11
49 3
49 48
50 2
50 13
50 18
50 17
50 33
50 46
50 25
50 42
50 16
51 22
51 43
51 33
51 15
51 47
52 20
52 36
52 9
52 40
52 1
53 37
53 34
54 36
54 42
55 20
56 38
56 29
56 41
56 49
57 46
57 48
57 22
57 16
57 3
58 10
58 24
58 37
58 17
59 38
59 18
59 5
60 13
60 28
60 8
60 47
60 46
60 22
60 1
60 53
61 52
61 16
61 14
62 8
62 56
63 36
63 26
63 13
63 37
63 42
63 51
64 8
64 1
64 13
64 44
65 15
65 44
65 19
65 61
65 9
65 34
65 21
65 29
65 53
66 52
66 14
67 62
67 24
67 5
67 66
67 40
68 60
68 29
69 63
69 26
69 4
69 25
69 19
69 6
70 22
70 17
70 1
70 64
71 19
71 56
71 67
71 8
71 33
71 9
71 68
72 23
72 35
72 30
72 39
72 21
73 42
73 55
73 6
73 45
73 14
73 43
73 4
74 40
74 72
74 51
74 38
74 54
75 17
75 10
75 8
75 9
75 48
76 10
76 39
76 45
76 4
76 17
76 55
77 36
77 46
77 22
77 32
77 57
77 14
77 12
78 1
78 13
78 12
78 54
78 41
78 48
79 77
79 18
79 68
79 24
80 25
80 7
80 26
80 78
80 5
80 69
81 78
81 22
81 15
81 71
81 44
81 18
81 5
82 35
82 22
82 75
82 72
82 29
83 48
83 20
83 79
83 73
83 80
83 82
83 64
84 48
84 18
84 70
84 81
84 76
84 4
