p td 85 255
5 2
10 8
12 1
16 12
17 8
17 6
17 12
18 11
18 17
19 1
19 18
20 3
20 14
21 18
22 14
22 18
23 9
24 9
24 23
24 20
25 17
25 9
25 12
26 16
27 21
27 20
29 16
29 14
30 10
30 3
31 1
31 19
31 4
32 9
32 3
32 29
32 7
33 17
33 9
33 18
33 32
34 16
34 14
35 19
35 29
35 17
35 27
36 33
37 18
37 24
37 32
38 3
38 5
39 13
39 32
40 19
40 18
41 5
41 7
41 10
42 41
42 23
42 21
43 38
43 5
43 8
44 3
45 17
45 9
45 24
45 15
45 32
47 17
47 27
48 23
49 3
49 29
49 12
49 8
49 39
49 2
50 28
50 45
50 38
50 36
50 42
50 16
51 50
52 12
52 19
52 9
53 32
53 49
53 35
53 39
54 49
54 17
54 5
54 37
54 48
55 52
55 12
55 50
56 25
56 27
56 3
56 26
57 43
57 38
57 6
57 19
57 8
57 34
58 52
58 37
58 40
58 1
59 44
59 55
59 38
59 47
60 33
60 55
60 39
60 37
61 22
61 48
61 12
61 50
61 23
61 60
61 3
62 26
62 25
62 15
63 39
63 46
63 45
63 6
64 50
64 1
64 26
64 35
64 61
64 59
64 7
65 5
65 16
66 26
66 60
66 47
66 56
66 17
66 25
67 39
67 46
67 19
67 11
67 63
67 3
67 28
68 32
68 54
69 50
69 28
69 42
69 66
69 1
69 60
70 33
70 49
70 32
71 62
71 48
71 15
71 47
71 30
71 4
71 32
71 70
71 59
72 71
72 49
72 66
72 31
72 44
72 21
73 38
73 71
73 42
74 13
74 51
74 50
74 14
74 22
74 2
75 44
75 48
75 17
75 63
75 3
75 55
75 25
75 23
76 40
76 42
76 21
76 56
76 48
77 45
77 12
77 75
77 16
77 42
78 32
78 23
78 68
78 16
78 35
78 26
79 28
79 77
79 38
79 55
79 3
80 74
80 19
80 52
80 42
80 49
80 33
80 59
80 27
80 41
80 60
81 9
81 50
81 33
82 68
82 78
82 2
82 63
82 71
82 6
82 10
82 23
83 8
83 7
83 71
83 13
83 78
83 54
84 63
85 69
85 74
