p td 86 258
2 1
6 3
10 5
11 6
11 9
11 5
13 9
13 4
14 6
16 15
18 4
19 15
20 16
20 2
21 1
22 15
22 16
23 8
24 18
24 11
24 13
24 3
25 11
25 24
25 2
25 10
25 20
26 9
26 24
26 5
28 13
29 14
29 20
29 16
29 5
31 23
32 2
33 31
33 6
34 33
34 2
34 32
35 14
36 28
37 15
38 2
38 1
38 27
38 10
38 7
39 11
39 1
39 8
39 21
40 19
40 17
40 30
40 25
41 10
41 22
41 1
42 39
42 20
42 35
42 12
42 25
42 28
43 39
43 26
44 18
44 27
45 19
45 11
45 41
46 21
47 4
47 46
47 15
47 36
47 23
48 27
49 8
49 7
49 1
50 2
50 23
50 38
51 5
51 7
51 3
51 42
51 17
52 40
52 50
52 32
54 34
54 32
54 20
55 21
55 13
55 51
55 4
56 36
56 55
56 14
56 11
56 52
56 39
56 18
57 7
57 12
57 15
57 11
57 32
58 16
58 14
58 28
58 23
58 32
58 57
58 31
59 33
59 9
59 58
59 12
60 21
60 23
60 48
60 1
61 24
61 36
62 58
62 10
62 33
62 43
63 59
63 11
63 50
64 24
64 38
64 46
64 43
65 27
65 10
65 46
66 46
66 56
66 27
66 42
66 49
66 61
67 14
67 41
67 5
67 61
67 22
67 35
68 27
68 62
68 13
68 29
68 31
69 10
69 67
69 21
69 60
69 16
69 56
70 50
70 34
70 60
70 20
71 68
71 48
71 17
71 52
71 39
72 2
72 45
73 1
73 21
73 9
73 68
73 56
74 33
74 31
74 34
74 23
74 9
74 54
74 2
75 21
75 17
75 22
75 74
75 35
76 72
76 23
76 36
77 47
77 8
77 73
77 4
77 17
77 39
77 32
77 41
77 72
78 47
78 34
78 20
78 56
79 22
79 37
79 15
79 13
79 71
79 75
79 49
79 46
79 1
79 27
80 65
80 49
80 10
80 69
80 43
80 15
81 28
81 73
81 76
81 6
82 29
82 55
82 64
82 22
83 19
83 70
83 5
83 24
83 13
83 73
84 66
84 32
84 77
84 28
85 50
85 24
85 51
85 41
85 33
85 36
85 49
86 67
86 27
86 19
86 34
86 16
