p td 87 261
5 4
7 1
8 1
9 7
10 9
11 4
12 3
12 11
12 10
13 5
14 5
15 8
17 7
17 1
19 1
19 4
21 6
21 12
22 7
22 15
22 1
23 22
23 15
23 20
23 10
25 17
26 23
27 25
27 22
28 4
29 6
29 1
30 26
30 17
31 19
31 11
32 19
33 11
34 1
35 25
35 6
35 14
35 27
36 15
36 7
36 17
37 14
38 5
38 24
38 19
38 17
38 36
38 28
38 7
39 26
39 19
39 33
39 1
40 30
40 28
40 35
40 27
41 19
42 27
42 9
42 6
42 20
42 7
43 22
43 18
43 21
43 27
44 21
45 12
45 22
45 17
46 10
46 17
46 21
47 20
47 43
47 32
48 44
48 13
48 27
48 16
48 22
48 38
49 40
49 38
49 37
49 8
50 12
51 11
51 13
51 2
51 12
51 7
52 47
52 3
52 36
53 7
53 18
53 11
53 39
53 8
54 32
54 48
55 48
56 38
56 25
56 39
56 2
57 10
57 22
57 51
58 53
59 42
59 15
60 40
60 28
60 43
60 30
61 45
61 11
61 7
61 33
61 60
62 5
62 35
62 1
63 15
63 41
63 60
63 47
63 7
63 44
63 53
63 4
63 32
64 1
64 48
64 11
65 27
65 48
65 60
66 12
66 3
66 23
67 47
68 22
68 6
68 3
68 20
69 31
69 68
69 16
69 30
69 48
69 37
69 19
70 50
70 62
70 1
70 56
70 30
70 57
70 5
70 16
71 63
71 44
71 46
71 45
71 10
71 64
72 13
72 15
72 12
72 38
73 65
74 39
75 54
75 64
75 51
75 11
75 52
76 35
76 59
76 11
76 28
76 15
77 60
77 51
77 11
77 56
77 66
77 14
77 45
77 19
77 29
77 68
78 26
78 18
78 62
78 10
78 43
78 58
79 28
79 7
79 72
79 35
79 39
79 56
79 43
79 19
79 45
79 71
80 33
80 22
80 2
80 70
81 62
81 8
81 16
81 38
81 18
81 53
81 24
81 11
82 22
82 67
82 44
82 66
82 79
82 26
82 78
83 15
83 75
83 65
83 82
83 3
84 74
84 6
85 58
85 32
85 16
85 81
85 42
85 18
85 5
85 73
86 7
86 72
86 16
86 21
86 45
86 58
87 69
87 65
87 20
87 9
