p td 88 264
6 4
7 4
9 1
9 5
11 4
12 2
14 9
14 7
14 4
18 4
18 10
20 15
21 10
21 13
22 6
23 11
23 13
24 7
24 13
24 2
25 7
25 17
25 21
27 12
27 25
27 14
27 9
28 26
29 1
29 16
31 21
31 10
31 15
31 20
32 29
32 23
32 20
32 9
33 8
33 28
34 7
35 25
35 8
35 31
35 26
36 34
36 3
36 13
37 16
37 22
38 18
38 24
38 33
38 9
38 6
39 30
39 5
39 29
40 29
40 32
40 13
41 15
41 28
42 26
42 35
43 19
43 14
43 25
43 9
44 22
44 9
45 42
45 40
46 8
46 42
46 2
47 43
47 28
48 41
48 13
48 20
48 23
49 17
49 45
50 47
50 28
50 48
50 20
50 5
51 47
51 3
51 35
51 26
51 40
51 18
51 41
52 2
52 32
52 7
52 37
53 2
53 32
54 10
55 9
55 28
55 50
56 49
56 22
56 28
56 38
56 51
58 44
58 57
58 7
58 25
58 47
58 23
59 33
59 10
59 57
59 2
59 50
60 30
60 12
61 17
61 35
61 38
62 6
62 12
62 8
62 33
62 29
63 31
63 44
63 13
63 58
63 32
64 49
64 38
64 28
64 30
64 6
65 51
66 12
66 30
67 66
67 12
67 60
67 47
68 5
68 56
68 43
69 51
69 67
70 43
70 34
70 18
70 37
70 53
70 55
70 52
70 33
70 10
70 36
71 70
71 5
71 24
71 33
71 32
71 49
71 16
72 49
72 9
72 54
72 70
72 55
73 25
74 32
74 5
74 50
74 34
75 45
75 55
75 12
76 18
76 7
76 71
77 39
77 36
77 25
77 38
77 64
77 21
77 29
78 52
78 60
78 62
78 71
78 19
78 48
78 57
78 44
78 67
79 5
79 57
79 43
79 17
79 40
79 58
80 36
80 47
80 50
80 39
81 76
81 34
81 31
81 33
82 64
82 2
82 3
82 16
83 19
83 74
83 11
83 31
83 39
83 26
83 51
84 60
84 66
84 52
84 18
84 57
84 16
84 71
84 46
85 12
85 60
85 42
85 4
85 56
85 11
85 84
85 33
86 19
86 10
86 44
86 72
86 56
86 41
86 73
87 40
87 28
87 41
87 9
88 26
88 58
88 71
88 43
88 30
88 53
88 66
88 70
88 57
