p td 89 267
5 4
7 1
8 3
9 2
10 1
13 5
13 2
14 13
16 13
16 10
18 11
20 9
20 11
23 2
23 16
23 11
25 21
26 25
26 2
26 22
29 2
29 16
29 1
30 20
30 24
30 6
30 12
31 4
32 23
33 30
33 4
33 2
33 16
33 23
33 31
34 23
34 19
35 21
35 29
35 12
35 30
36 26
37 19
37 35
37 17
37 4
37 8
38 28
39 12
39 31
39 34
40 11
40 36
40 29
40 27
41 20
42 17
42 41
43 6
43 22
44 10
44 11
44 27
45 11
45 24
45 18
45 30
45 2
45 9
46 23
46 44
46 9
46 4
46 34
46 16
47 44
47 27
47 8
48 46
48 5
48 17
49 40
49 19
49 26
49 10
50 46
51 20
51 17
51 9
51 27
51 49
51 10
51 11
52 27
53 36
53 13
54 5
54 22
55 25
55 44
55 48
56 49
56 42
56 16
56 50
56 22
56 30
57 48
57 43
57 10
57 15
58 56
58 32
58 38
59 37
60 4
60 12
60 15
60 33
60 46
60 37
60 58
60 45
60 36
61 7
61 57
61 44
61 55
61 12
62 56
62 57
62 32
62 37
62 60
63 3
63 59
63 33
63 51
63 10
64 57
64 21
64 10
65 20
65 41
66 35
67 55
67 54
67 2
67 37
68 58
68 33
68 16
68 42
69 10
69 34
70 55
70 5
70 27
70 34
71 65
71 44
71 35
71 8
72 55
72 8
72 24
72 17
72 39
72 7
72 33
72 71
73 14
73 61
73 9
73 52
74 54
74 28
74 32
74 72
75 14
75 68
75 33
76 46
76 21
76 60
76 19
76 74
76 13
77 69
77 67
77 48
77 40
77 65
77 6
78 9
78 18
78 37
78 77
79 43
79 10
80 24
80 8
80 57
80 38
80 13
80 65
80 39
81 62
81 49
81 59
81 37
81 57
81 66
81 19
81 45
82 76
82 70
82 17
82 25
82 35
82 48
82 80
82 28
82 10
82 36
83 66
83 71
83 12
84 72
84 62
84 28
84 71
85 35
85 34
85 12
85 13
85 15
85 54
86 76
86 65
86 22
86 54
86 31
86 32
87 63
87 58
87 84
87 45
87 51
87 25
87 43
87 27
87 40
88 7
88 32
88 56
88 2
88 73
88 60
88 14
89 66
89 29
89 21
89 47
89 37
89 76
89 23
