p td 90 270
4 2
8 5
8 4
11 7
11 5
13 3
16 14
17 13
17 11
18 2
19 6
19 11
19 4
20 11
22 14
22 19
22 20
23 15
23 2
24 13
27 7
27 3
28 20
28 1
28 15
28 25
28 23
29 19
29 14
29 13
30 15
30 8
31 25
31 27
31 9
31 20
32 8
32 25
33 6
33 19
34 25
35 5
36 22
36 31
37 6
37 10
37 30
38 18
39 17
39 11
40 34
40 3
41 4
41 35
41 36
41 40
41 28
42 3
42 11
43 17
43 11
45 38
46 43
46 22
46 36
46 13
46 7
47 42
48 22
49 32
49 27
49 5
49 48
50 21
50 27
50 35
51 39
51 41
51 20
51 33
52 37
52 21
52 1
52 9
52 12
52 4
52 17
52 3
53 5
53 22
54 25
54 48
54 31
54 36
55 22
55 20
55 42
55 11
55 44
55 10
55 54
56 17
56 21
57 14
57 51
57 47
57 32
57 42
57 23
57 33
58 50
58 12
59 56
61 21
61 25
61 26
61 11
61 50
62 14
62 29
62 56
62 61
64 58
64 17
64 33
64 36
64 34
65 51
65 5
66 45
66 19
66 20
66 33
66 40
67 46
67 13
67 32
67 41
67 2
68 1
68 59
68 34
68 37
68 24
69 13
69 64
69 49
69 10
69 66
70 33
71 49
71 26
71 19
71 28
71 54
71 8
72 52
72 5
72 57
72 3
73 19
73 2
73 60
73 11
74 70
74 20
74 13
74 32
74 25
74 56
74 43
74 22
74 62
74 10
75 45
75 13
75 37
75 20
75 33
76 10
76 66
76 69
76 33
76 7
76 20
77 71
77 23
77 21
77 25
77 50
77 14
77 1
78 26
78 63
78 24
78 53
78 67
78 62
78 3
78 55
78 42
79 45
79 59
79 53
79 17
79 30
79 13
80 22
80 47
80 51
80 78
80 27
80 57
80 50
81 66
81 49
81 36
81 8
81 45
81 31
81 57
81 17
82 57
82 25
82 55
82 45
82 62
83 67
83 9
83 10
83 78
83 26
83 52
83 29
83 59
84 68
84 30
84 26
84 32
84 36
85 43
85 80
85 24
85 77
85 12
85 44
85 83
85 1
86 85
86 11
86 63
86 43
86 40
86 81
86 68
87 52
87 13
87 77
88 50
88 44
88 5
88 85
88 51
89 65
89 32
89 66
89 63
90 13
90 57
90 41
