p td 91 273
4 3
7 4
8 5
8 2
10 2
10 7
10 4
11 5
12 9
12 7
13 2
14 10
15 7
16 11
17 2
18 17
19 11
19 9
19 4
20 12
20 16
20 7
21 20
21 1
22 7
24 4
24 18
25 19
25 10
26 15
27 9
28 5
28 26
28 27
28 2
29 25
29 15
30 16
30 1
30 2
31 8
31 24
31 3
32 24
33 2
34 17
34 20
35 32
36 33
36 23
36 15
36 32
36 6
36 18
36 27
37 3
37 9
37 13
38 33
39 36
40 17
40 21
41 1
41 32
42 29
42 21
42 8
42 33
42 19
43 35
43 41
43 16
44 4
44 6
44 27
44 7
44 8
45 26
45 20
45 19
45 9
45 29
46 25
46 2
46 44
46 26
47 28
47 40
47 30
47 44
48 42
48 47
48 21
48 28
49 6
49 47
49 40
49 12
49 25
49 16
49 3
50 34
51 30
53 49
53 22
54 18
54 35
55 1
55 43
55 45
56 20
56 5
56 39
56 13
56 11
56 28
57 25
57 3
57 1
57 40
58 51
58 41
58 50
58 24
59 45
59 27
60 37
60 17
60 54
60 45
61 6
61 36
61 9
61 59
61 39
62 57
62 8
63 54
63 39
64 3
64 32
64 51
64 25
65 40
65 52
66 61
66 2
66 20
66 47
66 10
67 1
67 22
68 13
68 12
68 62
68 66
69 8
70 15
70 4
70 58
70 68
70 12
70 64
71 43
71 49
71 1
71 14
71 59
71 16
72 40
72 56
72 68
72 47
72 46
73 8
73 56
73 24
73 37
73 25
74 49
74 40
74 28
74 45
74 39
75 34
75 56
75 46
75 57
75 44
76 47
76 6
76 45
76 32
76 24
76 75
77 23
77 5
77 69
78 50
78 59
78 13
78 4
78 44
78 1
79 59
79 33
79 27
80 4
80 44
80 77
80 68
81 38
81 75
81 49
82 59
82 1
82 77
82 58
82 16
83 64
83 51
83 14
83 3
83 68
83 5
83 37
83 49
83 67
84 74
84 25
84 27
84 46
84 20
85 8
85 5
85 71
85 36
85 49
86 4
86 26
86 6
86 44
86 70
87 33
88 57
88 11
88 76
88 16
88 72
88 49
89 40
89 74
89 68
89 57
89 72
89 4
89 30
89 52
90 64
90 61
90 14
90 85
90 73
90 8
91 50
91 61
91 16
91 79
91 27
91 67
91 51
91 78
91 13
