p td 92 276
4 1
5 1
8 3
11 6
12 6
14 3
18 2
19 4
19 13
20 5
22 1
23 15
23 5
23 19
23 6
24 22
24 10
25 3
25 19
26 11
26 15
28 14
28 23
28 12
29 26
29 28
30 26
30 6
31 30
31 7
31 28
32 30
32 3
33 16
34 11
34 14
34 30
34 6
34 10
35 31
36 7
37 13
37 3
38 7
38 37
39 8
40 3
40 9
40 22
41 5
41 26
41 11
41 28
42 6
42 22
43 34
44 30
44 19
44 35
45 7
45 32
45 35
45 18
45 31
45 34
46 9
46 7
47 9
47 10
48 26
48 24
48 28
48 9
48 35
48 34
49 34
49 30
49 19
50 40
50 1
50 20
50 28
51 45
51 35
52 48
52 4
52 39
52 18
52 31
53 1
53 48
53 28
53 51
53 20
53 47
53 34
53 5
53 44
54 38
54 24
55 18
55 34
55 49
56 11
57 13
57 7
57 56
58 45
58 10
58 43
58 55
59 44
59 31
59 16
59 15
60 29
60 42
60 55
60 17
60 32
60 57
61 46
61 16
61 44
61 32
62 33
62 29
62 14
62 8
62 5
62 35
63 8
63 9
63 15
64 22
64 38
64 25
64 42
65 19
65 40
65 56
65 51
65 18
66 44
66 18
66 58
66 62
66 36
66 28
66 41
66 55
66 42
67 50
68 57
68 45
68 2
68 54
68 35
68 3
69 55
69 3
70 18
70 13
70 48
70 61
70 64
71 9
71 11
71 15
71 43
71 69
71 10
72 22
72 9
72 64
72 52
72 13
73 44
73 51
73 9
74 48
74 63
74 37
75 36
75 37
75 3
75 16
75 74
75 22
75 61
75 71
76 33
76 31
76 64
76 51
76 2
77 12
77 37
77 22
77 26
77 13
77 3
77 58
77 6
78 61
78 73
79 42
79 46
79 19
79 61
79 27
80 69
80 30
80 23
80 19
80 33
80 59
80 38
80 12
81 41
81 56
81 78
81 36
81 1
82 16
82 12
82 59
82 61
82 63
82 10
82 23
83 62
83 65
84 29
84 64
84 41
86 39
86 34
86 29
86 24
87 84
87 51
87 2
87 50
87 11
88 54
88 87
88 3
88 19
88 77
88 51
89 10
89 75
89 42
89 83
90 84
90 30
90 49
90 55
90 8
90 12
90 38
91 49
91 4
91 9
91 61
91 16
91 64
91 24
92 79
92 87
92 35
92 5
92 31
92 69
92 51
