p td 93 279
4 2
5 4
9 5
14 1
14 5
15 4
15 2
16 7
16 8
16 11
16 13
18 16
19 4
19 17
19 2
20 2
20 18
20 12
21 3
22 10
22 12
23 10
23 13
23 7
24 1
25 3
25 23
26 17
26 20
26 18
28 12
29 13
30 14
31 28
31 25
32 20
32 2
32 30
32 25
32 12
33 18
33 23
34 15
35 17
35 31
35 24
36 13
36 29
36 2
37 27
38 22
38 31
39 8
39 19
42 14
42 30
42 15
42 3
43 31
43 15
43 39
44 15
44 23
44 8
45 19
45 35
46 40
46 10
48 9
48 38
48 19
48 23
48 2
49 23
49 27
49 43
49 7
50 32
50 36
50 34
50 35
51 32
51 25
51 12
51 29
51 22
52 9
52 20
52 49
52 10
53 5
53 1
53 15
53 4
53 30
54 13
55 15
56 46
56 25
56 31
57 39
57 13
57 2
57 45
57 24
58 40
58 51
58 57
58 34
59 37
59 23
59 1
59 9
60 42
60 51
60 40
60 2
61 49
61 54
61 37
62 51
62 35
62 5
63 26
63 31
63 30
64 16
64 12
64 24
65 45
65 6
65 42
65 30
65 46
66 47
66 33
66 38
66 12
66 27
67 21
67 62
67 13
67 63
67 37
67 30
68 66
68 53
68 15
68 42
68 32
68 19
68 47
69 25
69 1
69 5
69 62
70 2
70 29
71 32
71 19
71 23
71 10
72 12
72 33
72 71
72 54
72 67
72 62
72 65
72 14
73 57
73 64
73 25
73 23
74 58
74 65
74 42
74 17
74 67
74 10
74 40
74 1
75 11
75 35
75 14
75 28
75 12
75 44
75 39
75 13
75 17
76 41
76 5
76 13
76 9
77 71
77 38
77 55
77 53
78 76
78 36
78 15
78 54
79 47
79 22
79 65
79 27
80 78
80 16
81 72
81 48
81 63
81 6
82 20
82 4
82 1
82 60
83 76
84 76
84 63
84 62
84 25
85 76
85 66
85 2
85 75
86 71
86 8
86 60
86 27
86 1
86 78
86 26
87 44
87 67
87 14
87 62
87 42
88 24
88 43
88 44
88 51
88 23
88 73
88 46
89 26
89 78
89 42
89 25
89 20
89 79
89 87
89 71
89 19
90 85
90 48
90 82
90 6
91 4
91 85
91 84
91 52
91 68
91 42
92 21
92 82
92 32
92 84
92 25
92 89
92 88
93 40
93 12
93 80
93 55
93 73
93 9
93 62
93 82
