p td 94 282
9 5
10 6
10 2
11 2
14 1
16 15
16 7
17 6
17 12
19 9
19 16
20 11
21 1
24 8
25 21
26 3
26 25
28 14
28 25
28 7
28 23
28 19
29 5
29 19
29 17
30 19
30 9
30 29
31 29
31 24
32 15
33 2
33 19
33 5
35 8
35 12
36 19
37 18
37 14
37 15
38 27
39 11
39 1
39 6
39 12
39 23
40 11
40 31
41 15
42 10
43 16
43 13
43 19
43 15
43 9
44 16
44 38
45 7
45 39
45 28
46 34
46 44
46 7
46 1
46 10
46 24
47 37
48 20
48 25
48 29
49 15
50 15
51 23
51 35
52 22
52 17
52 29
52 32
53 4
53 15
53 45
53 44
53 18
54 32
54 47
54 21
55 22
55 12
55 47
55 19
56 15
57 38
57 54
57 27
57 36
58 23
58 45
58 30
58 48
59 2
59 36
59 47
59 46
59 13
59 11
60 7
60 18
60 57
60 3
60 41
60 22
60 38
61 24
61 51
61 10
61 26
62 50
62 4
62 2
63 45
63 2
63 4
64 42
64 31
64 7
64 63
64 6
65 54
65 50
66 21
66 57
66 32
66 40
66 36
68 10
68 34
68 16
68 14
68 43
68 56
69 4
69 28
69 65
69 8
69 20
70 24
70 45
70 7
71 29
71 9
71 70
72 58
72 22
72 51
72 54
72 66
73 18
73 33
73 58
74 43
74 70
74 19
75 67
75 65
75 73
75 38
76 69
76 1
76 57
76 24
76 73
76 23
76 72
76 59
77 48
77 33
77 67
77 26
77 31
77 44
77 18
77 71
77 32
78 75
78 59
78 20
78 63
78 29
78 8
79 51
79 8
79 36
79 14
79 46
80 8
80 55
80 72
80 20
80 62
81 28
81 51
81 70
81 35
81 6
81 29
81 21
82 44
82 67
82 75
83 52
83 1
83 57
84 75
84 71
84 65
84 13
84 64
85 41
85 38
85 51
85 75
85 76
85 37
85 50
85 11
85 1
86 84
86 24
86 21
86 4
86 13
87 24
87 66
87 31
87 44
87 54
87 26
87 62
87 23
87 22
88 41
88 15
88 83
88 18
88 42
88 13
88 65
89 63
89 85
89 41
90 89
90 61
90 19
90 84
90 55
90 53
90 72
90 39
91 80
91 26
91 78
91 66
92 51
92 78
92 57
92 23
92 43
92 41
92 2
92 11
92 81
93 63
93 34
93 35
93 38
93 18
94 14
94 79
94 20
94 35
94 30
94 93
