p td 95 285
3 2
6 2
11 9
15 10
19 13
22 2
24 13
25 23
25 22
26 11
26 3
26 22
27 21
27 2
28 4
28 10
29 2
30 19
30 4
31 16
32 24
33 1
33 27
34 21
34 5
35 34
35 26
36 31
36 22
36 35
37 9
38 33
38 17
38 32
39 33
39 12
40 27
40 35
40 20
40 33
41 6
41 34
42 21
42 18
44 17
45 37
45 6
45 14
46 33
47 5
47 42
47 3
47 6
48 42
48 25
48 10
49 48
49 43
49 33
49 3
49 41
50 18
50 31
50 1
50 41
50 15
50 42
51 14
51 33
51 4
51 17
51 39
52 31
52 45
52 51
53 7
53 14
53 16
53 28
54 36
54 30
54 32
55 54
55 19
55 9
55 1
55 31
56 25
56 35
56 6
56 8
57 28
57 32
57 45
58 20
58 26
59 34
60 14
61 4
61 33
61 51
62 44
62 15
62 32
62 21
63 44
64 51
64 12
64 17
64 15
64 9
64 23
64 52
65 28
65 44
65 63
66 4
66 19
66 51
66 50
66 29
66 3
66 16
67 16
67 29
68 52
68 57
68 16
68 67
68 64
68 40
68 53
68 1
69 51
69 42
69 29
69 23
69 6
69 57
70 4
70 2
70 51
70 46
71 70
71 30
71 52
72 66
72 27
72 5
73 12
73 38
73 42
73 63
74 14
74 3
74 42
74 24
74 70
75 71
75 50
75 51
75 20
75 33
75 55
76 5
76 60
76 19
76 68
76 29
76 17
77 32
77 41
77 68
77 25
77 51
77 17
78 24
78 56
78 40
78 25
78 64
79 30
79 78
79 51
79 38
79 60
79 29
80 13
80 71
80 58
80 30
80 23
81 9
81 39
81 42
81 77
81 66
81 62
81 49
82 53
82 71
82 19
82 56
82 80
82 41
83 72
83 20
83 17
84 5
84 26
84 27
84 37
84 32
84 25
84 51
84 46
84 34
85 7
85 1
85 32
85 2
86 7
86 15
86 17
86 63
87 14
87 7
87 23
87 12
87 38
87 29
87 58
87 71
87 82
88 86
88 8
88 54
88 83
88 52
88 63
89 32
89 73
89 59
90 6
90 35
90 48
90 59
91 50
91 47
91 46
91 33
91 5
91 54
91 66
91 22
91 35
92 3
92 60
92 54
92 9
92 36
92 91
92 38
93 87
93 7
93 88
93 10
93 66
93 53
93 30
93 29
93 32
94 72
94 81
94 31
94 35
94 28
94 60
94 75
95 73
95 17
95 65
95 78
95 13
95 91
