p td 96 288
7 6
7 4
13 5
13 7
13 6
13 4
15 4
18 17
20 13
20 5
20 18
20 8
20 10
23 20
23 8
24 3
26 2
26 23
27 15
27 17
28 17
28 15
28 6
29 19
29 12
29 13
29 2
31 18
32 20
32 12
32 18
33 25
33 9
34 3
34 23
34 17
34 22
35 22
35 7
36 10
36 8
36 20
37 4
38 11
38 6
38 5
38 7
39 16
40 7
40 12
41 10
42 9
42 6
42 8
43 19
43 20
43 15
43 11
44 16
45 29
45 6
45 7
46 34
46 22
46 7
47 24
48 11
48 44
48 12
48 26
49 10
50 27
51 37
51 9
51 14
52 20
52 21
52 19
52 16
52 1
52 49
53 18
53 17
53 25
53 9
53 35
53 23
55 24
56 45
56 32
57 34
57 14
57 1
57 7
58 33
58 41
59 32
59 36
60 19
60 3
61 10
61 40
61 9
61 3
62 48
62 7
63 54
63 50
63 62
63 49
64 3
64 5
64 41
65 2
65 63
65 37
65 8
65 16
66 26
66 54
66 51
66 9
67 51
67 29
67 59
68 41
68 24
68 21
68 52
68 39
69 3
69 2
69 33
69 49
69 34
70 32
70 14
70 46
71 10
71 8
71 11
71 66
71 40
72 19
72 71
72 3
72 12
72 49
72 65
72 47
73 26
74 57
74 44
74 15
74 36
76 3
76 23
76 36
76 72
76 61
76 58
76 45
77 57
77 44
77 25
77 38
78 60
78 63
78 52
78 59
78 48
78 30
78 14
78 40
79 50
79 7
79 58
79 30
79 43
79 17
80 6
80 33
80 53
80 64
80 25
81 22
81 1
81 73
81 59
81 4
81 16
82 7
82 31
82 49
82 55
83 9
83 13
83 16
83 37
83 32
83 6
83 51
84 14
84 62
84 77
84 39
84 59
85 60
85 24
85 30
85 84
85 46
86 22
86 48
86 66
86 53
86 18
86 37
86 24
86 8
87 68
87 19
87 66
87 36
87 52
87 72
87 33
87 63
87 24
88 45
88 3
88 5
88 10
88 1
89 81
89 60
89 57
89 22
89 1
89 82
90 14
90 58
90 30
90 7
90 34
91 37
91 74
91 56
91 15
92 21
92 70
92 46
92 10
92 65
92 52
92 4
92 51
92 12
93 51
93 16
93 19
93 67
93 85
94 68
94 11
94 38
94 5
94 52
94 61
94 22
94 85
94 7
95 40
95 78
95 33
95 20
95 49
95 47
95 60
95 8
95 81
96 31
96 75
96 95
96 43
96 6
96 32
96 2
