p td 97 291
9 6
11 3
15 12
15 6
17 16
18 5
20 2
20 18
21 13
21 7
21 1
22 2
22 13
22 10
22 14
23 8
23 18
23 5
24 9
24 8
25 8
25 24
25 22
26 22
26 16
28 20
28 10
28 12
29 20
29 10
29 18
30 25
30 17
30 24
31 27
31 24
33 9
33 29
33 3
33 12
34 11
34 24
34 22
35 18
35 14
37 4
38 27
38 18
39 29
40 33
40 13
41 33
41 24
41 37
42 36
42 38
42 39
42 29
43 37
43 42
43 33
43 19
44 25
44 33
44 37
45 15
45 22
45 7
45 18
46 21
46 7
47 13
47 39
48 43
48 47
48 15
48 14
49 48
49 42
49 3
49 10
50 1
50 30
50 19
50 21
51 7
51 27
51 43
51 15
51 28
52 12
52 47
53 34
53 51
54 37
54 2
54 28
54 49
55 1
55 36
55 35
55 31
55 38
56 7
56 49
56 8
56 51
57 36
57 26
58 28
58 13
58 24
58 6
58 22
58 1
59 52
59 2
59 25
59 16
59 21
59 47
60 21
60 59
61 14
61 22
61 56
61 55
61 42
61 28
62 46
62 25
63 11
63 47
63 40
63 16
64 5
64 58
64 35
64 47
65 63
65 48
65 13
65 1
66 60
66 31
66 26
66 41
66 22
66 4
67 46
67 59
69 48
69 43
69 14
69 51
69 6
69 19
70 48
70 65
70 26
70 60
70 31
71 20
71 15
71 31
71 70
71 3
72 39
72 67
72 1
73 35
73 72
73 71
73 32
73 11
74 53
74 34
74 47
74 28
74 15
75 12
75 17
76 61
76 12
76 68
77 51
77 74
77 2
77 57
77 14
77 21
77 55
77 50
77 63
77 32
78 14
78 39
78 52
79 36
79 14
79 69
79 20
80 76
80 69
80 23
81 76
81 78
81 49
81 10
81 42
82 71
82 8
82 70
82 79
82 51
82 50
82 9
83 47
84 76
84 61
84 5
84 38
84 2
85 80
85 27
85 38
85 18
85 31
86 74
86 80
86 15
86 75
86 77
86 64
86 19
86 17
87 8
87 46
87 72
87 1
88 25
88 47
89 85
89 7
89 45
89 38
89 51
90 81
90 78
90 20
90 19
90 63
90 24
90 5
90 75
90 23
91 7
91 2
91 28
91 68
92 86
92 44
92 25
92 89
92 58
93 31
93 29
93 9
93 51
93 66
93 92
94 26
94 68
94 19
95 87
95 69
95 17
95 73
95 60
95 58
96 91
96 57
96 5
97 55
97 61
97 65
97 51
97 77
97 84
97 40
97 14
