p td 98 294
6 1
6 5
6 3
7 5
9 2
11 2
15 5
15 4
17 14
19 8
19 11
20 17
21 12
22 10
22 9
26 5
27 25
28 26
29 11
31 6
31 22
32 22
33 25
33 11
33 1
35 15
35 29
35 3
35 22
35 9
37 30
38 29
38 21
38 27
39 27
39 18
40 19
41 6
41 14
41 30
42 17
42 23
43 3
43 33
43 9
43 39
44 13
44 36
44 40
44 27
44 19
45 21
45 4
45 17
45 35
45 19
46 36
47 36
47 7
47 46
47 37
48 4
48 5
49 3
49 31
50 26
50 28
50 20
50 32
51 32
51 4
51 16
51 3
52 23
52 6
52 42
52 3
52 7
53 21
53 8
53 17
54 26
54 34
54 24
54 3
54 42
55 6
55 17
56 24
56 8
56 51
56 1
56 3
56 7
57 4
57 33
57 46
57 29
57 8
58 8
58 17
58 39
58 19
58 25
59 20
59 25
59 16
59 32
59 52
60 19
60 11
61 53
61 33
61 34
61 36
62 6
63 37
64 37
64 61
64 9
64 6
64 58
64 52
64 26
65 28
65 13
65 61
66 32
66 43
66 41
66 63
67 61
67 17
67 54
68 46
68 58
69 42
69 55
69 36
69 44
70 2
70 47
70 69
70 26
71 2
71 65
71 23
71 47
71 70
72 22
72 18
72 41
72 12
72 21
73 15
73 50
73 29
73 16
73 47
74 3
74 24
74 54
75 53
75 50
75 65
75 34
75 20
75 46
75 7
75 25
76 20
76 25
76 68
76 22
76 17
76 11
77 54
77 65
78 62
78 56
78 4
78 27
78 13
78 70
79 42
79 9
79 51
80 39
80 37
80 7
81 34
81 17
81 58
81 33
81 46
82 22
82 72
82 34
83 75
83 48
83 7
83 2
83 38
83 52
83 66
83 30
84 62
84 27
84 79
84 77
85 78
85 42
85 55
85 77
85 51
85 72
86 67
86 38
87 40
87 61
87 13
87 20
88 69
88 16
88 3
88 29
88 53
89 87
89 6
89 41
89 80
89 88
89 31
89 8
89 34
90 73
90 2
90 48
90 50
90 24
90 62
90 10
91 19
91 48
91 12
91 65
91 4
91 18
91 62
91 10
92 35
92 18
92 53
93 64
93 27
93 80
93 76
93 57
93 39
94 76
94 73
94 16
95 91
95 76
95 85
95 56
95 44
95 8
96 24
96 83
96 77
96 74
96 67
96 94
96 40
96 53
96 4
97 30
97 53
97 92
97 26
97 12
97 24
97 63
97 72
97 44
98 37
98 26
98 21
98 36
98 49
98 93
98 57
98 96
